Oscilloscope data. 
Time step = 10,00 uS
Voltage step = 31,25 mV
Zero level = 128

N 	Smpl.	Trig

0	128	0
1	128	0
2	128	0
3	128	0
4	128	0
5	128	0
6	128	0
7	128	0
8	128	0
9	128	0
10	128	0
11	128	0
12	128	0
13	127	0
14	128	0
15	128	0
16	128	0
17	128	0
18	129	0
19	128	0
20	128	0
21	128	0
22	128	0
23	128	0
24	128	0
25	128	0
26	128	0
27	128	0
28	128	0
29	128	0
30	128	0
31	128	0
32	128	0
33	128	0
34	128	0
35	128	0
36	128	0
37	128	0
38	128	0
39	128	0
40	128	0
41	128	0
42	128	0
43	127	0
44	128	0
45	128	0
46	127	0
47	128	0
48	127	0
49	128	0
50	128	0
51	127	0
52	128	0
53	128	0
54	127	0
55	127	0
56	128	0
57	128	0
58	128	0
59	128	0
60	128	0
61	127	0
62	128	0
63	128	0
64	128	0
65	128	0
66	128	0
67	128	0
68	128	0
69	128	0
70	128	0
71	128	0
72	128	0
73	128	0
74	128	0
75	128	0
76	128	0
77	128	0
78	128	0
79	128	0
80	128	0
81	128	0
82	128	0
83	128	0
84	128	0
85	128	0
86	128	0
87	128	0
88	128	0
89	129	0
90	128	0
91	128	0
92	127	0
93	128	0
94	128	0
95	128	0
96	128	0
97	128	0
98	128	0
99	128	0
100	128	0
101	128	0
102	128	0
103	128	0
104	128	0
105	129	0
106	131	0
107	132	0
108	133	0
109	134	0
110	136	0
111	138	0
112	140	0
113	143	0
114	145	0
115	148	0
116	151	0
117	155	0
118	159	0
119	162	0
120	165	0
121	168	0
122	173	0
123	177	0
124	180	0
125	184	0
126	187	0
127	191	0
128	194	0
129	196	0
130	198	0
131	200	0
132	201	0
133	202	0
134	202	0
135	200	0
136	198	0
137	195	0
138	190	0
139	185	0
140	179	0
141	172	0
142	164	0
143	155	0
144	147	0
145	137	0
146	127	0
147	118	0
148	108	0
149	99	0
150	91	0
151	85	0
152	80	0
153	75	0
154	75	0
155	75	0
156	77	0
157	82	0
158	89	0
159	98	0
160	109	0
161	121	0
162	135	0
163	148	0
164	161	0
165	174	0
166	184	0
167	193	0
168	199	0
169	202	0
170	200	0
171	196	0
172	189	0
173	176	0
174	163	0
175	147	0
176	131	0
177	115	0
178	99	0
179	87	0
180	79	0
181	75	0
182	75	0
183	80	0
184	90	0
185	104	0
186	121	0
187	140	0
188	159	0
189	176	0
190	190	0
191	199	0
192	201	0
193	199	0
194	189	0
195	174	0
196	155	0
197	134	0
198	113	0
199	96	0
200	81	0
201	75	0
202	75	0
203	83	0
204	98	0
205	119	0
206	141	0
207	164	0
208	183	0
209	196	0
210	202	0
211	198	0
212	185	0
213	165	0
214	141	0
215	116	0
216	95	0
217	80	0
218	74	0
219	79	0
220	93	0
221	115	0
222	141	0
223	167	0
224	187	0
225	199	0
226	200	0
227	189	0
228	168	0
229	141	0
230	113	0
231	90	0
232	76	0
233	75	0
234	86	0
235	109	0
236	138	0
237	167	0
238	190	0
239	201	0
240	199	0
241	181	0
242	154	0
243	123	0
244	96	0
245	78	0
246	75	0
247	87	0
248	113	0
249	144	0
250	176	0
251	196	0
252	202	0
253	189	0
254	163	0
255	129	0
256	99	0
257	78	0
258	75	0
259	90	0
260	119	0
261	155	0
262	184	0
263	200	0
264	197	0
265	175	0
266	141	0
267	106	0
268	81	0
269	75	0
270	88	0
271	120	0
272	157	0
273	188	0
274	201	0
275	192	0
276	163	0
277	125	0
278	91	0
279	75	0
280	81	0
281	109	0
282	147	0
283	183	0
284	201	0
285	195	0
286	164	0
287	124	0
288	89	0
289	73	0
290	85	0
291	118	0
292	159	0
293	193	0
294	201	0
295	183	0
296	144	0
297	103	0
298	77	0
299	79	0
300	107	0
301	150	0
302	187	0
303	202	0
304	185	0
305	147	0
306	103	0
307	76	0
308	79	0
309	113	0
310	158	0
311	193	0
312	200	0
313	175	0
314	131	0
315	89	0
316	74	0
317	91	0
318	135	0
319	180	0
320	201	0
321	188	0
322	146	0
323	99	0
324	75	0
325	86	0
326	127	0
327	175	0
328	200	0
329	189	0
330	146	0
331	99	0
332	75	0
333	88	0
334	133	0
335	181	0
336	201	0
337	181	0
338	133	0
339	87	0
340	75	0
341	103	0
342	154	0
343	195	0
344	197	0
345	159	0
346	107	0
347	75	0
348	87	0
349	133	0
350	183	0
351	202	0
352	174	0
353	120	0
354	79	0
355	81	0
356	124	0
357	178	0
358	202	0
359	178	0
360	124	0
361	80	0
362	80	0
363	125	0
364	180	0
365	201	0
366	172	0
367	116	0
368	76	0
369	85	0
370	137	0
371	189	0
372	198	0
373	157	0
374	99	0
375	74	0
376	101	0
377	160	0
378	200	0
379	187	0
380	130	0
381	81	0
382	81	0
383	132	0
384	187	0
385	199	0
386	155	0
387	96	0
388	74	0
389	111	0
390	173	0
391	203	0
392	170	0
393	108	0
394	74	0
395	100	0
396	163	0
397	201	0
398	177	0
399	115	0
400	75	0
401	97	0
402	159	0
403	200	0
404	178	0
405	114	0
406	74	0
407	99	0
408	164	0
409	202	0
410	172	0
411	106	0
412	74	0
413	109	0
414	176	0
415	201	0
416	158	0
417	93	0
418	76	0
419	127	0
420	191	0
421	193	0
422	135	0
423	79	0
424	89	0
425	155	0
426	200	0
427	174	0
428	105	0
429	75	0
430	117	0
431	184	0
432	196	0
433	138	0
434	79	0
435	91	0
436	159	0
437	201	0
438	166	0
439	96	0
440	77	0
441	133	0
442	195	0
443	185	0
444	115	0
445	74	0
446	114	0
447	185	0
448	195	0
449	131	0
450	75	0
451	101	0
452	175	0
453	199	0
454	142	0
455	80	0
456	95	0
457	167	0
458	200	0
459	148	0
460	81	0
461	92	0
462	166	0
463	201	0
464	148	0
465	80	0
466	93	0
467	169	0
468	200	0
469	143	0
470	78	0
471	100	0
472	176	0
473	197	0
474	131	0
475	75	0
476	111	0
477	187	0
478	190	0
479	115	0
480	74	0
481	129	0
482	197	0
483	175	0
484	96	0
485	81	0
486	153	0
487	202	0
488	150	0
489	80	0
490	99	0
491	180	0
492	193	0
493	119	0
494	75	0
495	131	0
496	199	0
497	167	0
498	87	0
499	89	0
500	169	0
501	198	0
502	126	0
503	74	0
504	127	0
505	199	0
506	167	0
507	87	0
508	92	0
509	175	0
510	195	0
511	116	0
512	75	0
513	141	0
514	201	0
515	151	0
516	78	0
517	109	0
518	191	0
519	179	0
520	93	0
521	87	0
522	171	0
523	195	0
524	115	0
525	76	0
526	149	0
527	201	0
528	137	0
529	74	0
530	128	0
531	200	0
532	156	0
533	78	0
534	111	0
535	195	0
536	171	0
537	85	0
538	99	0
539	187	0
540	180	0
541	91	0
542	91	0
543	180	0
544	187	0
545	97	0
546	87	0
547	176	0
548	189	0
549	100	0
550	85	0
551	175	0
552	191	0
553	100	0
554	86	0
555	175	0
556	189	0
557	98	0
558	87	0
559	179	0
560	185	0
561	93	0
562	93	0
563	185	0
564	179	0
565	86	0
566	102	0
567	192	0
568	167	0
569	79	0
570	115	0
571	199	0
572	152	0
573	74	0
574	132	0
575	201	0
576	132	0
577	75	0
578	154	0
579	197	0
580	110	0
581	83	0
582	177	0
583	184	0
584	88	0
585	103	0
586	195	0
587	159	0
588	75	0
589	133	0
590	202	0
591	125	0
592	77	0
593	167	0
594	190	0
595	93	0
596	99	0
597	195	0
598	158	0
599	75	0
600	137	0
601	200	0
602	116	0
603	83	0
604	179	0
605	178	0
606	82	0
607	119	0
608	201	0
609	132	0
610	76	0
611	168	0
612	187	0
613	87	0
614	111	0
615	200	0
616	137	0
617	75	0
618	167	0
619	186	0
620	86	0
621	113	0
622	201	0
623	131	0
624	78	0
625	175	0
626	179	0
627	80	0
628	127	0
629	201	0
630	115	0
631	87	0
632	189	0
633	160	0
634	74	0
635	151	0
636	193	0
637	91	0
638	108	0
639	201	0
640	129	0
641	80	0
642	181	0
643	167	0
644	75	0
645	147	0
646	194	0
647	91	0
648	111	0
649	202	0
650	120	0
651	85	0
652	190	0
653	154	0
654	74	0
655	165	0
656	181	0
657	79	0
658	136	0
659	198	0
660	95	0
661	109	0
662	201	0
663	119	0
664	88	0
665	195	0
666	143	0
667	77	0
668	180	0
669	164	0
670	74	0
671	162	0
672	182	0
673	77	0
674	143	0
675	192	0
676	85	0
677	127	0
678	199	0
679	96	0
680	111	0
681	202	0
682	108	0
683	99	0
684	200	0
685	119	0
686	91	0
687	197	0
688	128	0
689	85	0
690	194	0
691	137	0
692	82	0
693	191	0
694	143	0
695	79	0
696	189	0
697	147	0
698	78	0
699	187	0
700	149	0
701	77	0
702	186	0
703	149	0
704	78	0
705	187	0
706	147	0
707	79	0
708	190	0
709	143	0
710	81	0
711	192	0
712	137	0
713	84	0
714	195	0
715	129	0
716	89	0
717	199	0
718	119	0
719	97	0
720	201	0
721	108	0
722	107	0
723	201	0
724	96	0
725	120	0
726	198	0
727	86	0
728	137	0
729	190	0
730	77	0
731	155	0
732	177	0
733	73	0
734	175	0
735	157	0
736	77	0
737	191	0
738	135	0
739	89	0
740	200	0
741	110	0
742	109	0
743	200	0
744	88	0
745	136	0
746	188	0
747	75	0
748	165	0
749	164	0
750	76	0
751	190	0
752	132	0
753	91	0
754	201	0
755	100	0
756	123	0
757	195	0
758	78	0
759	159	0
760	168	0
761	75	0
762	191	0
763	129	0
764	96	0
765	201	0
766	92	0
767	136	0
768	186	0
769	74	0
770	177	0
771	145	0
772	86	0
773	201	0
774	101	0
775	126	0
776	191	0
777	75	0
778	174	0
779	149	0
780	85	0
781	200	0
782	99	0
783	131	0
784	187	0
785	73	0
786	181	0
787	137	0
788	95	0
789	201	0
790	87	0
791	149	0
792	171	0
793	75	0
794	195	0
795	112	0
796	118	0
797	192	0
798	74	0
799	179	0
800	139	0
801	96	0
802	200	0
803	83	0
804	159	0
805	159	0
806	83	0
807	201	0
808	93	0
809	143	0
810	173	0
811	77	0
812	198	0
813	103	0
814	132	0
815	181	0
816	75	0
817	195	0
818	109	0
819	127	0
820	184	0
821	74	0
822	193	0
823	111	0
824	126	0
825	183	0
826	75	0
827	195	0
828	107	0
829	132	0
830	179	0
831	76	0
832	199	0
833	97	0
834	143	0
835	167	0
836	81	0
837	201	0
838	87	0
839	159	0
840	151	0
841	92	0
842	200	0
843	77	0
844	179	0
845	128	0
846	113	0
847	189	0
848	73	0
849	195	0
850	101	0
851	143	0
852	165	0
853	84	0
854	201	0
855	79	0
856	175	0
857	129	0
858	113	0
859	187	0
860	75	0
861	199	0
862	91	0
863	156	0
864	149	0
865	98	0
866	195	0
867	74	0
868	193	0
869	101	0
870	147	0
871	157	0
872	93	0
873	197	0
874	73	0
875	193	0
876	101	0
877	147	0
878	155	0
879	96	0
880	195	0
881	74	0
882	196	0
883	94	0
884	159	0
885	142	0
886	109	0
887	187	0
888	76	0
889	201	0
890	81	0
891	179	0
892	118	0
893	133	0
894	165	0
895	91	0
896	197	0
897	74	0
898	198	0
899	89	0
900	168	0
901	127	0
902	125	0
903	169	0
904	88	0
905	198	0
906	74	0
907	198	0
908	87	0
909	174	0
910	120	0
911	135	0
912	159	0
913	98	0
914	191	0
915	76	0
916	202	0
917	76	0
918	191	0
919	97	0
920	163	0
921	129	0
922	127	0
923	165	0
924	96	0
925	191	0
926	77	0
927	201	0
928	75	0
929	195	0
930	88	0
931	175	0
932	114	0
933	146	0
934	143	0
935	116	0
936	171	0
937	92	0
938	191	0
939	77	0
940	201	0
941	74	0
942	199	0
943	81	0
944	186	0
945	98	0
946	167	0
947	120	0
948	143	0
949	144	0
950	120	0
951	166	0
952	99	0
953	183	0
954	85	0
955	195	0
956	76	0
957	201	0
958	74	0
959	200	0
960	77	0
961	194	0
962	85	0
963	184	0
964	96	0
965	171	0
966	111	0
967	157	0
968	126	0
969	142	0
970	140	0
971	128	0
972	153	0
973	116	0
974	165	0
975	104	0
976	175	0
977	95	0
978	183	0
979	88	0
980	190	0
981	83	0
982	195	0
983	79	0
984	198	0
985	76	0
986	200	0
987	74	0
988	201	0
989	74	0
990	202	0
991	73	0
992	202	0
993	73	0
994	202	0
995	74	0
996	201	0
997	75	0
998	201	0
999	75	0
