Oscilloscope data. 
Time step = 2,000 uS
Voltage step = 31,25 mV
Zero level = 128

N 	Smpl.	Trig

0	127	0
1	92	0
2	188	0
3	67	0
4	168	0
5	127	0
6	92	0
7	188	0
8	66	0
9	167	0
10	127	0
11	92	0
12	189	0
13	67	0
14	167	0
15	127	0
16	92	0
17	189	0
18	67	0
19	167	0
20	127	0
21	92	0
22	188	0
23	67	0
24	167	0
25	127	0
26	91	0
27	188	0
28	67	0
29	167	0
30	127	0
31	92	0
32	188	0
33	66	0
34	167	0
35	127	0
36	92	0
37	189	0
38	66	0
39	167	0
40	127	0
41	92	0
42	188	0
43	67	0
44	167	0
45	127	0
46	92	0
47	188	0
48	67	0
49	167	0
50	127	0
51	92	0
52	188	0
53	67	0
54	167	0
55	127	0
56	91	0
57	188	0
58	67	0
59	167	0
60	127	0
61	92	0
62	188	0
63	67	0
64	167	0
65	126	0
66	91	0
67	189	0
68	67	0
69	167	0
70	126	0
71	92	0
72	188	0
73	67	0
74	167	0
75	127	0
76	91	0
77	189	0
78	67	0
79	167	0
80	127	0
81	92	0
82	188	0
83	67	0
84	167	0
85	127	0
86	92	0
87	188	0
88	67	0
89	167	0
90	127	0
91	91	0
92	188	0
93	67	0
94	167	0
95	127	0
96	91	0
97	188	0
98	67	0
99	168	0
100	127	0
101	91	0
102	188	0
103	67	0
104	167	0
105	126	0
106	92	0
107	188	0
108	65	0
109	169	0
110	125	0
111	94	0
112	188	0
113	66	0
114	170	0
115	123	0
116	96	0
117	187	0
118	65	0
119	173	0
120	119	0
121	99	0
122	185	0
123	64	0
124	176	0
125	114	0
126	104	0
127	183	0
128	64	0
129	179	0
130	109	0
131	110	0
132	179	0
133	64	0
134	183	0
135	103	0
136	116	0
137	174	0
138	64	0
139	186	0
140	95	0
141	124	0
142	167	0
143	67	0
144	191	0
145	87	0
146	134	0
147	159	0
148	71	0
149	191	0
150	80	0
151	144	0
152	150	0
153	76	0
154	192	0
155	73	0
156	155	0
157	138	0
158	85	0
159	192	0
160	68	0
161	166	0
162	125	0
163	95	0
164	186	0
165	65	0
166	176	0
167	111	0
168	108	0
169	179	0
170	64	0
171	185	0
172	98	0
173	123	0
174	167	0
175	67	0
176	191	0
177	85	0
178	139	0
179	152	0
180	75	0
181	192	0
182	74	0
183	156	0
184	135	0
185	88	0
186	189	0
187	67	0
188	172	0
189	116	0
190	104	0
191	180	0
192	64	0
193	184	0
194	97	0
195	123	0
196	167	0
197	68	0
198	191	0
199	81	0
200	145	0
201	146	0
202	80	0
203	192	0
204	69	0
205	166	0
206	124	0
207	99	0
208	183	0
209	64	0
210	182	0
211	101	0
212	121	0
213	168	0
214	68	0
215	191	0
216	80	0
217	146	0
218	145	0
219	81	0
220	191	0
221	68	0
222	169	0
223	119	0
224	103	0
225	180	0
226	64	0
227	185	0
228	93	0
229	131	0
230	159	0
231	73	0
232	192	0
233	73	0
234	159	0
235	131	0
236	93	0
237	185	0
238	64	0
239	181	0
240	101	0
241	123	0
242	167	0
243	70	0
244	192	0
245	76	0
246	152	0
247	136	0
248	88	0
249	187	0
250	65	0
251	179	0
252	104	0
253	119	0
254	167	0
255	68	0
256	192	0
257	77	0
258	153	0
259	136	0
260	89	0
261	187	0
262	64	0
263	180	0
264	101	0
265	123	0
266	164	0
267	71	0
268	192	0
269	73	0
270	159	0
271	128	0
272	96	0
273	183	0
274	64	0
275	185	0
276	93	0
277	134	0
278	154	0
279	77	0
280	191	0
281	68	0
282	171	0
283	115	0
284	110	0
285	174	0
286	67	0
287	191	0
288	80	0
289	150	0
290	137	0
291	89	0
292	186	0
293	64	0
294	183	0
295	96	0
296	130	0
297	157	0
298	75	0
299	191	0
300	68	0
301	171	0
302	114	0
303	112	0
304	172	0
305	68	0
306	191	0
307	77	0
308	156	0
309	129	0
310	96	0
311	182	0
312	64	0
313	187	0
314	87	0
315	143	0
316	144	0
317	85	0
318	188	0
319	65	0
320	181	0
321	97	0
322	129	0
323	156	0
324	77	0
325	191	0
326	67	0
327	174	0
328	108	0
329	120	0
330	165	0
331	72	0
332	192	0
333	70	0
334	168	0
335	116	0
336	111	0
337	171	0
338	69	0
339	192	0
340	74	0
341	163	0
342	122	0
343	105	0
344	175	0
345	67	0
346	191	0
347	76	0
348	158	0
349	126	0
350	103	0
351	177	0
352	66	0
353	191	0
354	78	0
355	156	0
356	128	0
357	101	0
358	179	0
359	66	0
360	191	0
361	78	0
362	156	0
363	128	0
364	101	0
365	177	0
366	66	0
367	191	0
368	76	0
369	158	0
370	125	0
371	103	0
372	175	0
373	67	0
374	192	0
375	75	0
376	162	0
377	120	0
378	108	0
379	172	0
380	68	0
381	192	0
382	72	0
383	167	0
384	113	0
385	115	0
386	167	0
387	72	0
388	192	0
389	67	0
390	174	0
391	106	0
392	124	0
393	158	0
394	78	0
395	191	0
396	65	0
397	181	0
398	96	0
399	135	0
400	147	0
401	86	0
402	187	0
403	64	0
404	187	0
405	85	0
406	149	0
407	133	0
408	97	0
409	179	0
410	66	0
411	191	0
412	75	0
413	163	0
414	117	0
415	112	0
416	167	0
417	72	0
418	192	0
419	67	0
420	177	0
421	100	0
422	131	0
423	150	0
424	85	0
425	187	0
426	64	0
427	187	0
428	83	0
429	151	0
430	129	0
431	103	0
432	175	0
433	68	0
434	192	0
435	70	0
436	171	0
437	107	0
438	125	0
439	156	0
440	81	0
441	189	0
442	65	0
443	187	0
444	85	0
445	151	0
446	130	0
447	102	0
448	175	0
449	69	0
450	192	0
451	69	0
452	174	0
453	103	0
454	131	0
455	150	0
456	85	0
457	185	0
458	64	0
459	189	0
460	79	0
461	159	0
462	120	0
463	113	0
464	165	0
465	75	0
466	191	0
467	65	0
468	183	0
469	88	0
470	146	0
471	133	0
472	100	0
473	175	0
474	69	0
475	192	0
476	68	0
477	176	0
478	99	0
479	136	0
480	144	0
481	91	0
482	181	0
483	66	0
484	192	0
485	72	0
486	170	0
487	106	0
488	128	0
489	150	0
490	87	0
491	184	0
492	65	0
493	191	0
494	75	0
495	167	0
496	109	0
497	125	0
498	153	0
499	84	0
500	185	0
501	64	0
502	191	0
503	75	0
504	167	0
505	110	0
506	124	0
507	153	0
508	85	0
509	185	0
510	65	0
511	191	0
512	74	0
513	169	0
514	108	0
515	129	0
516	149	0
517	88	0
518	183	0
519	65	0
520	192	0
521	71	0
522	173	0
523	101	0
524	135	0
525	142	0
526	95	0
527	178	0
528	68	0
529	192	0
530	67	0
531	180	0
532	91	0
533	146	0
534	131	0
535	105	0
536	169	0
537	74	0
538	191	0
539	65	0
540	186	0
541	81	0
542	159	0
543	116	0
544	119	0
545	157	0
546	84	0
547	185	0
548	65	0
549	191	0
550	71	0
551	173	0
552	99	0
553	139	0
554	138	0
555	99	0
556	173	0
557	71	0
558	192	0
559	65	0
560	186	0
561	81	0
562	159	0
563	115	0
564	122	0
565	153	0
566	87	0
567	183	0
568	66	0
569	193	0
570	68	0
571	180	0
572	91	0
573	148	0
574	127	0
575	111	0
576	163	0
577	79	0
578	187	0
579	64	0
580	192	0
581	71	0
582	174	0
583	98	0
584	143	0
585	133	0
586	105	0
587	167	0
588	76	0
589	189	0
590	64	0
591	191	0
592	73	0
593	172	0
594	99	0
595	140	0
596	134	0
597	105	0
598	167	0
599	77	0
600	188	0
601	64	0
602	191	0
603	71	0
604	175	0
605	95	0
606	144	0
607	129	0
608	110	0
609	163	0
610	80	0
611	186	0
612	65	0
613	192	0
614	68	0
615	180	0
616	88	0
617	152	0
618	119	0
619	119	0
620	153	0
621	88	0
622	180	0
623	68	0
624	192	0
625	65	0
626	187	0
627	78	0
628	166	0
629	105	0
630	135	0
631	138	0
632	103	0
633	168	0
634	77	0
635	187	0
636	64	0
637	192	0
638	68	0
639	181	0
640	87	0
641	155	0
642	116	0
643	124	0
644	148	0
645	95	0
646	175	0
647	72	0
648	190	0
649	64	0
650	191	0
651	71	0
652	176	0
653	91	0
654	151	0
655	120	0
656	121	0
657	151	0
658	92	0
659	175	0
660	71	0
661	191	0
662	64	0
663	191	0
664	71	0
665	178	0
666	89	0
667	154	0
668	117	0
669	125	0
670	147	0
671	97	0
672	171	0
673	75	0
674	188	0
675	64	0
676	193	0
677	67	0
678	183	0
679	82	0
680	163	0
681	107	0
682	136	0
683	134	0
684	108	0
685	161	0
686	84	0
687	182	0
688	69	0
689	192	0
690	64	0
691	190	0
692	72	0
693	176	0
694	90	0
695	155	0
696	115	0
697	128	0
698	142	0
699	102	0
700	167	0
701	80	0
702	183	0
703	67	0
704	192	0
705	64	0
706	189	0
707	72	0
708	176	0
709	89	0
710	155	0
711	113	0
712	130	0
713	139	0
714	105	0
715	163	0
716	84	0
717	181	0
718	69	0
719	191	0
720	64	0
721	191	0
722	68	0
723	181	0
724	83	0
725	165	0
726	103	0
727	143	0
728	127	0
729	119	0
730	150	0
731	95	0
732	171	0
733	77	0
734	185	0
735	67	0
736	192	0
737	64	0
738	190	0
739	71	0
740	180	0
741	85	0
742	163	0
743	104	0
744	141	0
745	127	0
746	119	0
747	149	0
748	97	0
749	169	0
750	80	0
751	183	0
752	68	0
753	191	0
754	64	0
755	191	0
756	68	0
757	184	0
758	79	0
759	171	0
760	95	0
761	152	0
762	114	0
763	132	0
764	135	0
765	111	0
766	156	0
767	91	0
768	173	0
769	77	0
770	185	0
771	67	0
772	191	0
773	64	0
774	191	0
775	67	0
776	184	0
777	76	0
778	173	0
779	91	0
780	157	0
781	109	0
782	139	0
783	128	0
784	119	0
785	147	0
786	100	0
787	165	0
788	85	0
789	179	0
790	73	0
791	188	0
792	65	0
793	192	0
794	64	0
795	191	0
796	68	0
797	185	0
798	76	0
799	174	0
800	89	0
801	159	0
802	105	0
803	143	0
804	123	0
805	126	0
806	139	0
807	108	0
808	155	0
809	93	0
810	170	0
811	80	0
812	182	0
813	70	0
814	189	0
815	66	0
816	192	0
817	64	0
818	191	0
819	67	0
820	186	0
821	75	0
822	177	0
823	85	0
824	165	0
825	98	0
826	151	0
827	113	0
828	136	0
829	128	0
830	121	0
831	143	0
832	107	0
833	157	0
834	93	0
835	170	0
836	81	0
837	180	0
838	73	0
839	187	0
840	67	0
841	191	0
842	64	0
843	192	0
844	64	0
845	190	0
846	68	0
847	185	0
848	75	0
849	178	0
850	84	0
851	168	0
852	94	0
853	157	0
854	106	0
855	145	0
856	119	0
857	131	0
858	131	0
859	119	0
860	144	0
861	107	0
862	155	0
863	96	0
864	167	0
865	86	0
866	175	0
867	77	0
868	183	0
869	71	0
870	188	0
871	66	0
872	191	0
873	64	0
874	192	0
875	64	0
876	191	0
877	67	0
878	189	0
879	69	0
880	184	0
881	75	0
882	178	0
883	82	0
884	171	0
885	90	0
886	163	0
887	99	0
888	153	0
889	108	0
890	143	0
891	118	0
892	135	0
893	128	0
894	124	0
895	137	0
896	115	0
897	147	0
898	106	0
899	155	0
900	97	0
901	163	0
902	89	0
903	171	0
904	83	0
905	176	0
906	77	0
907	181	0
908	73	0
909	186	0
910	69	0
911	189	0
912	67	0
913	192	0
914	65	0
915	192	0
916	64	0
917	193	0
918	64	0
919	192	0
920	65	0
921	191	0
922	67	0
923	187	0
924	70	0
925	185	0
926	73	0
927	181	0
928	77	0
929	177	0
930	81	0
931	173	0
932	86	0
933	168	0
934	91	0
935	164	0
936	95	0
937	159	0
938	100	0
939	153	0
940	106	0
941	148	0
942	111	0
943	143	0
944	116	0
945	138	0
946	121	0
947	133	0
948	125	0
949	128	0
950	131	0
951	124	0
952	135	0
953	119	0
954	139	0
955	115	0
956	143	0
957	111	0
958	147	0
959	108	0
960	151	0
961	104	0
962	153	0
963	101	0
964	157	0
965	98	0
966	159	0
967	95	0
968	163	0
969	93	0
970	165	0
971	90	0
972	168	0
973	88	0
974	170	0
975	87	0
976	171	0
977	85	0
978	173	0
979	83	0
980	174	0
981	82	0
982	175	0
983	80	0
984	176	0
985	79	0
986	178	0
987	79	0
988	178	0
989	78	0
990	179	0
991	77	0
992	180	0
993	76	0
994	180	0
995	76	0
996	180	0
997	76	0
998	181	0
999	75	0
