Oscilloscope data. 
Time step = 500,0 nS
Voltage step = 31,25 mV
Zero level = 128

N 	Smpl.	Trig

0	190	0
1	184	0
2	147	0
3	97	0
4	67	0
5	71	0
6	110	0
7	159	0
8	189	0
9	184	0
10	147	0
11	98	0
12	67	0
13	72	0
14	110	0
15	159	0
16	190	0
17	185	0
18	147	0
19	98	0
20	67	0
21	72	0
22	111	0
23	158	0
24	190	0
25	185	0
26	147	0
27	98	0
28	67	0
29	72	0
30	111	0
31	158	0
32	190	0
33	185	0
34	147	0
35	98	0
36	67	0
37	72	0
38	110	0
39	159	0
40	190	0
41	184	0
42	146	0
43	97	0
44	67	0
45	72	0
46	110	0
47	159	0
48	190	0
49	184	0
50	147	0
51	98	0
52	67	0
53	72	0
54	110	0
55	159	0
56	189	0
57	184	0
58	146	0
59	98	0
60	67	0
61	72	0
62	111	0
63	158	0
64	189	0
65	184	0
66	146	0
67	98	0
68	67	0
69	71	0
70	111	0
71	158	0
72	189	0
73	184	0
74	147	0
75	98	0
76	67	0
77	72	0
78	110	0
79	158	0
80	189	0
81	184	0
82	147	0
83	98	0
84	67	0
85	71	0
86	111	0
87	159	0
88	189	0
89	184	0
90	147	0
91	98	0
92	67	0
93	72	0
94	111	0
95	159	0
96	189	0
97	185	0
98	146	0
99	98	0
100	67	0
101	72	0
102	110	0
103	159	0
104	189	0
105	184	0
106	146	0
107	98	0
108	67	0
109	72	0
110	111	0
111	159	0
112	190	0
113	184	0
114	145	0
115	97	0
116	66	0
117	73	0
118	111	0
119	160	0
120	191	0
121	183	0
122	144	0
123	95	0
124	66	0
125	73	0
126	113	0
127	161	0
128	191	0
129	183	0
130	143	0
131	93	0
132	65	0
133	75	0
134	115	0
135	164	0
136	191	0
137	181	0
138	139	0
139	92	0
140	65	0
141	76	0
142	119	0
143	167	0
144	192	0
145	179	0
146	135	0
147	87	0
148	64	0
149	79	0
150	123	0
151	171	0
152	192	0
153	176	0
154	131	0
155	85	0
156	64	0
157	81	0
158	127	0
159	173	0
160	192	0
161	173	0
162	127	0
163	81	0
164	64	0
165	86	0
166	132	0
167	177	0
168	192	0
169	168	0
170	120	0
171	77	0
172	65	0
173	91	0
174	139	0
175	181	0
176	191	0
177	164	0
178	115	0
179	74	0
180	66	0
181	96	0
182	145	0
183	184	0
184	190	0
185	157	0
186	108	0
187	71	0
188	68	0
189	103	0
190	152	0
191	187	0
192	187	0
193	150	0
194	100	0
195	67	0
196	71	0
197	111	0
198	160	0
199	191	0
200	183	0
201	142	0
202	93	0
203	65	0
204	76	0
205	119	0
206	167	0
207	192	0
208	177	0
209	132	0
210	86	0
211	64	0
212	82	0
213	128	0
214	175	0
215	192	0
216	171	0
217	123	0
218	78	0
219	64	0
220	89	0
221	139	0
222	181	0
223	192	0
224	162	0
225	112	0
226	72	0
227	67	0
228	100	0
229	149	0
230	187	0
231	188	0
232	152	0
233	101	0
234	68	0
235	71	0
236	110	0
237	160	0
238	191	0
239	182	0
240	140	0
241	90	0
242	64	0
243	78	0
244	123	0
245	170	0
246	192	0
247	175	0
248	127	0
249	81	0
250	64	0
251	87	0
252	135	0
253	179	0
254	191	0
255	164	0
256	115	0
257	73	0
258	66	0
259	99	0
260	148	0
261	186	0
262	187	0
263	151	0
264	101	0
265	67	0
266	72	0
267	112	0
268	161	0
269	191	0
270	181	0
271	138	0
272	88	0
273	64	0
274	80	0
275	127	0
276	173	0
277	192	0
278	171	0
279	123	0
280	77	0
281	65	0
282	92	0
283	143	0
284	183	0
285	191	0
286	157	0
287	107	0
288	70	0
289	69	0
290	107	0
291	158	0
292	190	0
293	183	0
294	142	0
295	90	0
296	64	0
297	78	0
298	123	0
299	171	0
300	192	0
301	172	0
302	124	0
303	79	0
304	64	0
305	91	0
306	142	0
307	183	0
308	190	0
309	157	0
310	107	0
311	69	0
312	69	0
313	108	0
314	159	0
315	191	0
316	182	0
317	139	0
318	89	0
319	64	0
320	80	0
321	127	0
322	175	0
323	192	0
324	169	0
325	120	0
326	76	0
327	65	0
328	96	0
329	146	0
330	185	0
331	187	0
332	151	0
333	100	0
334	67	0
335	73	0
336	115	0
337	165	0
338	192	0
339	177	0
340	131	0
341	83	0
342	64	0
343	87	0
344	136	0
345	181	0
346	192	0
347	161	0
348	111	0
349	71	0
350	69	0
351	105	0
352	156	0
353	190	0
354	183	0
355	141	0
356	90	0
357	65	0
358	80	0
359	127	0
360	175	0
361	192	0
362	168	0
363	118	0
364	75	0
365	67	0
366	99	0
367	151	0
368	187	0
369	185	0
370	147	0
371	96	0
372	65	0
373	76	0
374	121	0
375	171	0
376	192	0
377	172	0
378	123	0
379	77	0
380	65	0
381	95	0
382	146	0
383	185	0
384	187	0
385	151	0
386	99	0
387	67	0
388	75	0
389	118	0
390	169	0
391	192	0
392	174	0
393	125	0
394	79	0
395	64	0
396	93	0
397	144	0
398	184	0
399	188	0
400	152	0
401	100	0
402	67	0
403	75	0
404	117	0
405	168	0
406	192	0
407	175	0
408	126	0
409	79	0
410	64	0
411	93	0
412	145	0
413	185	0
414	188	0
415	151	0
416	99	0
417	67	0
418	75	0
419	119	0
420	169	0
421	192	0
422	173	0
423	123	0
424	77	0
425	65	0
426	95	0
427	147	0
428	187	0
429	187	0
430	147	0
431	96	0
432	65	0
433	76	0
434	123	0
435	173	0
436	192	0
437	169	0
438	119	0
439	75	0
440	66	0
441	100	0
442	152	0
443	189	0
444	183	0
445	143	0
446	91	0
447	64	0
448	81	0
449	129	0
450	177	0
451	191	0
452	164	0
453	112	0
454	71	0
455	69	0
456	108	0
457	159	0
458	191	0
459	180	0
460	134	0
461	84	0
462	64	0
463	88	0
464	139	0
465	183	0
466	190	0
467	155	0
468	103	0
469	67	0
470	74	0
471	117	0
472	168	0
473	192	0
474	172	0
475	123	0
476	77	0
477	66	0
478	97	0
479	151	0
480	188	0
481	185	0
482	144	0
483	91	0
484	64	0
485	81	0
486	129	0
487	177	0
488	191	0
489	163	0
490	111	0
491	70	0
492	70	0
493	110	0
494	163	0
495	192	0
496	176	0
497	128	0
498	80	0
499	65	0
500	92	0
501	145	0
502	186	0
503	187	0
504	148	0
505	95	0
506	65	0
507	79	0
508	127	0
509	175	0
510	191	0
511	164	0
512	111	0
513	71	0
514	69	0
515	109	0
516	161	0
517	191	0
518	178	0
519	129	0
520	81	0
521	65	0
522	93	0
523	145	0
524	186	0
525	187	0
526	147	0
527	95	0
528	65	0
529	80	0
530	128	0
531	177	0
532	191	0
533	162	0
534	109	0
535	69	0
536	71	0
537	112	0
538	165	0
539	192	0
540	175	0
541	125	0
542	77	0
543	65	0
544	97	0
545	151	0
546	189	0
547	183	0
548	140	0
549	87	0
550	64	0
551	85	0
552	135	0
553	181	0
554	190	0
555	155	0
556	101	0
557	67	0
558	75	0
559	121	0
560	172	0
561	192	0
562	168	0
563	115	0
564	71	0
565	68	0
566	107	0
567	161	0
568	192	0
569	177	0
570	128	0
571	80	0
572	64	0
573	95	0
574	148	0
575	187	0
576	185	0
577	142	0
578	89	0
579	64	0
580	85	0
581	136	0
582	181	0
583	190	0
584	155	0
585	100	0
586	67	0
587	76	0
588	123	0
589	174	0
590	192	0
591	165	0
592	112	0
593	71	0
594	69	0
595	112	0
596	164	0
597	192	0
598	174	0
599	123	0
600	76	0
601	67	0
602	100	0
603	155	0
604	190	0
605	181	0
606	134	0
607	84	0
608	64	0
609	91	0
610	145	0
611	186	0
612	186	0
613	144	0
614	90	0
615	64	0
616	83	0
617	135	0
618	181	0
619	190	0
620	154	0
621	100	0
622	65	0
623	76	0
624	125	0
625	175	0
626	192	0
627	163	0
628	109	0
629	69	0
630	72	0
631	116	0
632	169	0
633	192	0
634	170	0
635	117	0
636	72	0
637	68	0
638	107	0
639	161	0
640	192	0
641	176	0
642	126	0
643	77	0
644	66	0
645	99	0
646	155	0
647	191	0
648	181	0
649	133	0
650	83	0
651	65	0
652	93	0
653	147	0
654	187	0
655	184	0
656	140	0
657	87	0
658	64	0
659	87	0
660	141	0
661	184	0
662	187	0
663	147	0
664	92	0
665	64	0
666	83	0
667	135	0
668	181	0
669	189	0
670	152	0
671	99	0
672	65	0
673	80	0
674	128	0
675	178	0
676	191	0
677	157	0
678	103	0
679	66	0
680	76	0
681	123	0
682	175	0
683	192	0
684	161	0
685	107	0
686	68	0
687	73	0
688	119	0
689	171	0
690	192	0
691	166	0
692	111	0
693	70	0
694	71	0
695	115	0
696	168	0
697	192	0
698	169	0
699	115	0
700	71	0
701	69	0
702	112	0
703	165	0
704	192	0
705	172	0
706	119	0
707	73	0
708	68	0
709	109	0
710	164	0
711	192	0
712	173	0
713	122	0
714	75	0
715	68	0
716	106	0
717	161	0
718	192	0
719	175	0
720	123	0
721	75	0
722	67	0
723	104	0
724	159	0
725	192	0
726	177	0
727	125	0
728	76	0
729	67	0
730	103	0
731	159	0
732	191	0
733	177	0
734	126	0
735	77	0
736	67	0
737	103	0
738	158	0
739	191	0
740	177	0
741	127	0
742	77	0
743	65	0
744	102	0
745	157	0
746	191	0
747	178	0
748	127	0
749	78	0
750	67	0
751	102	0
752	157	0
753	191	0
754	177	0
755	126	0
756	76	0
757	66	0
758	103	0
759	159	0
760	192	0
761	176	0
762	126	0
763	75	0
764	67	0
765	104	0
766	160	0
767	192	0
768	175	0
769	123	0
770	75	0
771	67	0
772	105	0
773	161	0
774	192	0
775	174	0
776	122	0
777	75	0
778	68	0
779	108	0
780	164	0
781	192	0
782	173	0
783	119	0
784	72	0
785	69	0
786	111	0
787	167	0
788	192	0
789	170	0
790	115	0
791	71	0
792	70	0
793	115	0
794	168	0
795	192	0
796	167	0
797	112	0
798	69	0
799	72	0
800	118	0
801	171	0
802	192	0
803	163	0
804	108	0
805	67	0
806	75	0
807	123	0
808	175	0
809	191	0
810	159	0
811	103	0
812	66	0
813	77	0
814	128	0
815	179	0
816	191	0
817	155	0
818	99	0
819	65	0
820	81	0
821	134	0
822	182	0
823	189	0
824	148	0
825	93	0
826	64	0
827	85	0
828	140	0
829	185	0
830	187	0
831	143	0
832	87	0
833	64	0
834	90	0
835	147	0
836	188	0
837	183	0
838	135	0
839	83	0
840	65	0
841	96	0
842	153	0
843	191	0
844	179	0
845	128	0
846	78	0
847	67	0
848	103	0
849	160	0
850	192	0
851	174	0
852	120	0
853	73	0
854	69	0
855	111	0
856	167	0
857	192	0
858	167	0
859	111	0
860	69	0
861	73	0
862	120	0
863	174	0
864	191	0
865	159	0
866	103	0
867	65	0
868	79	0
869	130	0
870	181	0
871	190	0
872	151	0
873	95	0
874	64	0
875	85	0
876	140	0
877	185	0
878	186	0
879	141	0
880	86	0
881	64	0
882	93	0
883	150	0
884	189	0
885	181	0
886	130	0
887	79	0
888	67	0
889	103	0
890	159	0
891	192	0
892	173	0
893	119	0
894	72	0
895	69	0
896	114	0
897	169	0
898	192	0
899	164	0
900	107	0
901	67	0
902	76	0
903	126	0
904	178	0
905	191	0
906	152	0
907	96	0
908	64	0
909	84	0
910	139	0
911	185	0
912	186	0
913	140	0
914	86	0
915	64	0
916	95	0
917	152	0
918	190	0
919	179	0
920	127	0
921	76	0
922	67	0
923	107	0
924	164	0
925	192	0
926	169	0
927	113	0
928	70	0
929	72	0
930	120	0
931	175	0
932	191	0
933	157	0
934	100	0
935	65	0
936	81	0
937	135	0
938	183	0
939	187	0
940	144	0
941	87	0
942	64	0
943	93	0
944	150	0
945	190	0
946	179	0
947	128	0
948	77	0
949	67	0
950	107	0
951	164	0
952	192	0
953	168	0
954	112	0
955	68	0
956	74	0
957	123	0
958	176	0
959	191	0
960	155	0
961	96	0
962	65	0
963	84	0
964	140	0
965	186	0
966	184	0
967	138	0
968	83	0
969	65	0
970	99	0
971	155	0
972	191	0
973	175	0
974	120	0
975	72	0
976	70	0
977	115	0
978	171	0
979	192	0
980	160	0
981	103	0
982	65	0
983	80	0
984	133	0
985	183	0
986	187	0
987	143	0
988	87	0
989	64	0
990	95	0
991	151	0
992	191	0
993	178	0
994	124	0
995	75	0
996	68	0
997	112	0
998	169	0
999	192	0
