Oscilloscope data. 
Time step = 50,00 nS
Voltage step = 31,25 mV
Zero level = 128

N 	Smpl.	Trig

0	85	0
1	85	0
2	86	0
3	85	0
4	86	0
5	85	0
6	86	0
7	85	0
8	85	0
9	85	0
10	85	0
11	85	0
12	86	0
13	85	0
14	86	0
15	86	0
16	85	0
17	86	0
18	86	0
19	86	0
20	86	0
21	85	0
22	86	0
23	85	0
24	86	0
25	85	0
26	86	0
27	86	0
28	85	0
29	86	0
30	86	0
31	86	0
32	85	0
33	86	0
34	86	0
35	85	0
36	85	0
37	86	0
38	86	0
39	85	0
40	86	0
41	85	0
42	86	0
43	86	0
44	86	0
45	85	0
46	86	0
47	86	0
48	85	0
49	86	0
50	86	0
51	86	0
52	86	0
53	86	0
54	85	0
55	85	0
56	86	0
57	86	0
58	86	0
59	117	0
60	214	0
61	214	0
62	214	0
63	214	0
64	213	0
65	214	0
66	214	0
67	214	0
68	214	0
69	214	0
70	214	0
71	213	0
72	213	0
73	213	0
74	214	0
75	214	0
76	214	0
77	214	0
78	214	0
79	214	0
80	214	0
81	213	0
82	214	0
83	213	0
84	213	0
85	214	0
86	214	0
87	213	0
88	214	0
89	214	0
90	214	0
91	214	0
92	214	0
93	214	0
94	214	0
95	213	0
96	213	0
97	214	0
98	214	0
99	214	0
100	214	0
101	214	0
102	214	0
103	213	0
104	214	0
105	214	0
106	213	0
107	214	0
108	214	0
109	214	0
110	214	0
111	214	0
112	214	0
113	214	0
114	214	0
115	213	0
116	214	0
117	214	0
118	214	0
119	180	0
120	85	0
121	86	0
122	86	0
123	85	0
124	85	0
125	85	0
126	85	0
127	85	0
128	85	0
129	86	0
130	85	0
131	85	0
132	86	0
133	85	0
134	85	0
135	86	0
136	86	0
137	85	0
138	85	0
139	86	0
140	85	0
141	85	0
142	86	0
143	85	0
144	86	0
145	85	0
146	86	0
147	85	0
148	86	0
149	85	0
150	86	0
151	85	0
152	85	0
153	85	0
154	85	0
155	85	0
156	86	0
157	85	0
158	86	0
159	85	0
160	85	0
161	86	0
162	85	0
163	86	0
164	85	0
165	86	0
166	86	0
167	86	0
168	85	0
169	85	0
170	85	0
171	85	0
172	85	0
173	86	0
174	85	0
175	86	0
176	85	0
177	85	0
178	85	0
179	86	0
180	86	0
181	85	0
182	86	0
183	86	0
184	85	0
185	86	0
186	85	0
187	85	0
188	86	0
189	85	0
190	85	0
191	86	0
192	85	0
193	86	0
194	86	0
195	85	0
196	86	0
197	86	0
198	85	0
199	85	0
200	86	0
201	85	0
202	85	0
203	85	0
204	85	0
205	85	0
206	86	0
207	86	0
208	86	0
209	86	0
210	86	0
211	85	0
212	86	0
213	85	0
214	85	0
215	86	0
216	86	0
217	85	0
218	86	0
219	85	0
220	85	0
221	85	0
222	85	0
223	85	0
224	86	0
225	86	0
226	85	0
227	86	0
228	85	0
229	85	0
230	86	0
231	85	0
232	86	0
233	86	0
234	86	0
235	85	0
236	85	0
237	85	0
238	86	0
239	117	0
240	214	0
241	214	0
242	214	0
243	214	0
244	214	0
245	214	0
246	214	0
247	213	0
248	213	0
249	214	0
250	214	0
251	213	0
252	213	0
253	214	0
254	214	0
255	214	0
256	214	0
257	213	0
258	214	0
259	214	0
260	214	0
261	214	0
262	213	0
263	214	0
264	214	0
265	214	0
266	214	0
267	214	0
268	213	0
269	214	0
270	214	0
271	214	0
272	213	0
273	214	0
274	214	0
275	214	0
276	213	0
277	213	0
278	214	0
279	214	0
280	213	0
281	213	0
282	213	0
283	214	0
284	214	0
285	213	0
286	214	0
287	214	0
288	214	0
289	214	0
290	214	0
291	214	0
292	214	0
293	214	0
294	214	0
295	214	0
296	214	0
297	213	0
298	214	0
299	181	0
300	85	0
301	86	0
302	85	0
303	85	0
304	85	0
305	86	0
306	85	0
307	86	0
308	85	0
309	86	0
310	86	0
311	85	0
312	86	0
313	85	0
314	85	0
315	85	0
316	86	0
317	85	0
318	86	0
319	86	0
320	85	0
321	85	0
322	85	0
323	86	0
324	85	0
325	86	0
326	85	0
327	85	0
328	86	0
329	86	0
330	86	0
331	85	0
332	86	0
333	86	0
334	85	0
335	85	0
336	85	0
337	86	0
338	85	0
339	85	0
340	85	0
341	85	0
342	86	0
343	85	0
344	86	0
345	85	0
346	85	0
347	85	0
348	85	0
349	86	0
350	85	0
351	85	0
352	87	0
353	86	0
354	85	0
355	86	0
356	85	0
357	85	0
358	85	0
359	86	0
360	86	0
361	86	0
362	85	0
363	86	0
364	86	0
365	86	0
366	86	0
367	86	0
368	86	0
369	85	0
370	86	0
371	85	0
372	86	0
373	85	0
374	86	0
375	85	0
376	86	0
377	85	0
378	85	0
379	85	0
380	86	0
381	85	0
382	85	0
383	86	0
384	85	0
385	85	0
386	85	0
387	86	0
388	86	0
389	86	0
390	85	0
391	86	0
392	86	0
393	85	0
394	85	0
395	85	0
396	86	0
397	86	0
398	85	0
399	85	0
400	85	0
401	85	0
402	86	0
403	86	0
404	86	0
405	86	0
406	85	0
407	85	0
408	85	0
409	86	0
410	85	0
411	86	0
412	85	0
413	85	0
414	86	0
415	86	0
416	85	0
417	85	0
418	86	0
419	117	0
420	214	0
421	214	0
422	214	0
423	214	0
424	213	0
425	214	0
426	214	0
427	214	0
428	213	0
429	213	0
430	213	0
431	214	0
432	213	0
433	214	0
434	213	0
435	214	0
436	213	0
437	213	0
438	213	0
439	214	0
440	214	0
441	213	0
442	213	0
443	214	0
444	213	0
445	213	0
446	213	0
447	214	0
448	213	0
449	214	0
450	213	0
451	214	0
452	213	0
453	213	0
454	213	0
455	214	0
456	214	0
457	213	0
458	213	0
459	214	0
460	214	0
461	214	0
462	214	0
463	213	0
464	214	0
465	214	0
466	213	0
467	214	0
468	214	0
469	213	0
470	213	0
471	213	0
472	214	0
473	213	0
474	214	0
475	214	0
476	213	0
477	213	0
478	214	0
479	181	0
480	85	0
481	86	0
482	86	0
483	85	0
484	85	0
485	86	0
486	85	0
487	85	0
488	85	0
489	86	0
490	85	0
491	85	0
492	85	0
493	85	0
494	85	0
495	86	0
496	85	0
497	85	0
498	86	0
499	85	0
500	86	0
501	85	0
502	85	0
503	85	0
504	85	0
505	86	0
506	85	0
507	85	0
508	85	0
509	86	0
510	86	0
511	85	0
512	86	0
513	85	0
514	85	0
515	85	0
516	85	0
517	85	0
518	86	0
519	85	0
520	86	0
521	85	0
522	85	0
523	85	0
524	86	0
525	85	0
526	85	0
527	85	0
528	86	0
529	85	0
530	85	0
531	85	0
532	85	0
533	85	0
534	86	0
535	86	0
536	85	0
537	85	0
538	86	0
539	85	0
540	85	0
541	85	0
542	86	0
543	86	0
544	85	0
545	85	0
546	86	0
547	85	0
548	85	0
549	85	0
550	86	0
551	85	0
552	85	0
553	85	0
554	86	0
555	85	0
556	85	0
557	85	0
558	85	0
559	85	0
560	85	0
561	86	0
562	86	0
563	85	0
564	85	0
565	85	0
566	85	0
567	86	0
568	85	0
569	86	0
570	86	0
571	85	0
572	85	0
573	86	0
574	85	0
575	85	0
576	85	0
577	85	0
578	86	0
579	86	0
580	86	0
581	85	0
582	85	0
583	86	0
584	85	0
585	85	0
586	86	0
587	85	0
588	85	0
589	86	0
590	86	0
591	85	0
592	86	0
593	85	0
594	86	0
595	86	0
596	86	0
597	86	0
598	85	0
599	116	0
600	214	0
601	214	0
602	214	0
603	214	0
604	214	0
605	213	0
606	214	0
607	213	0
608	213	0
609	213	0
610	214	0
611	213	0
612	214	0
613	214	0
614	214	0
615	213	0
616	214	0
617	213	0
618	213	0
619	213	0
620	214	0
621	214	0
622	213	0
623	213	0
624	213	0
625	213	0
626	213	0
627	213	0
628	214	0
629	214	0
630	214	0
631	213	0
632	214	0
633	213	0
634	214	0
635	213	0
636	213	0
637	214	0
638	214	0
639	214	0
640	213	0
641	214	0
642	213	0
643	213	0
644	214	0
645	213	0
646	214	0
647	213	0
648	213	0
649	214	0
650	213	0
651	214	0
652	213	0
653	213	0
654	214	0
655	213	0
656	213	0
657	213	0
658	213	0
659	181	0
660	85	0
661	85	0
662	86	0
663	85	0
664	86	0
665	85	0
666	85	0
667	85	0
668	85	0
669	85	0
670	85	0
671	85	0
672	86	0
673	85	0
674	85	0
675	85	0
676	85	0
677	85	0
678	85	0
679	85	0
680	85	0
681	85	0
682	85	0
683	85	0
684	85	0
685	85	0
686	85	0
687	85	0
688	85	0
689	85	0
690	86	0
691	85	0
692	86	0
693	85	0
694	86	0
695	86	0
696	86	0
697	85	0
698	85	0
699	85	0
700	86	0
701	85	0
702	85	0
703	86	0
704	85	0
705	85	0
706	85	0
707	85	0
708	85	0
709	85	0
710	85	0
711	85	0
712	85	0
713	85	0
714	86	0
715	85	0
716	85	0
717	86	0
718	85	0
719	86	0
720	85	0
721	86	0
722	85	0
723	85	0
724	85	0
725	86	0
726	86	0
727	85	0
728	85	0
729	86	0
730	85	0
731	85	0
732	86	0
733	86	0
734	86	0
735	86	0
736	85	0
737	85	0
738	86	0
739	85	0
740	86	0
741	85	0
742	85	0
743	85	0
744	86	0
745	85	0
746	85	0
747	86	0
748	85	0
749	85	0
750	86	0
751	86	0
752	86	0
753	86	0
754	87	0
755	85	0
756	86	0
757	85	0
758	85	0
759	86	0
760	85	0
761	85	0
762	85	0
763	86	0
764	85	0
765	85	0
766	85	0
767	86	0
768	86	0
769	85	0
770	86	0
771	85	0
772	85	0
773	85	0
774	85	0
775	85	0
776	85	0
777	85	0
778	86	0
779	116	0
780	214	0
781	213	0
782	213	0
783	214	0
784	214	0
785	214	0
786	214	0
787	213	0
788	214	0
789	214	0
790	214	0
791	214	0
792	214	0
793	213	0
794	214	0
795	214	0
796	213	0
797	214	0
798	213	0
799	214	0
800	214	0
801	214	0
802	214	0
803	213	0
804	214	0
805	213	0
806	213	0
807	214	0
808	213	0
809	213	0
810	213	0
811	214	0
812	214	0
813	214	0
814	213	0
815	214	0
816	213	0
817	213	0
818	213	0
819	214	0
820	213	0
821	214	0
822	214	0
823	214	0
824	213	0
825	214	0
826	213	0
827	214	0
828	214	0
829	214	0
830	213	0
831	213	0
832	213	0
833	214	0
834	213	0
835	214	0
836	214	0
837	214	0
838	213	0
839	181	0
840	85	0
841	85	0
842	86	0
843	85	0
844	85	0
845	86	0
846	85	0
847	85	0
848	86	0
849	85	0
850	85	0
851	85	0
852	86	0
853	85	0
854	85	0
855	86	0
856	85	0
857	85	0
858	85	0
859	86	0
860	85	0
861	86	0
862	85	0
863	85	0
864	85	0
865	85	0
866	86	0
867	85	0
868	85	0
869	85	0
870	86	0
871	85	0
872	85	0
873	85	0
874	86	0
875	86	0
876	86	0
877	85	0
878	85	0
879	85	0
880	86	0
881	85	0
882	86	0
883	85	0
884	85	0
885	86	0
886	85	0
887	85	0
888	85	0
889	85	0
890	85	0
891	85	0
892	85	0
893	86	0
894	86	0
895	85	0
896	86	0
897	85	0
898	85	0
899	86	0
900	86	0
901	85	0
902	86	0
903	86	0
904	85	0
905	85	0
906	85	0
907	86	0
908	85	0
909	85	0
910	85	0
911	85	0
912	85	0
913	85	0
914	86	0
915	85	0
916	85	0
917	86	0
918	86	0
919	85	0
920	85	0
921	86	0
922	85	0
923	85	0
924	86	0
925	85	0
926	85	0
927	85	0
928	86	0
929	86	0
930	85	0
931	86	0
932	86	0
933	85	0
934	85	0
935	85	0
936	86	0
937	86	0
938	86	0
939	86	0
940	85	0
941	86	0
942	86	0
943	85	0
944	85	0
945	86	0
946	85	0
947	85	0
948	85	0
949	86	0
950	85	0
951	85	0
952	86	0
953	85	0
954	86	0
955	85	0
956	86	0
957	85	0
958	86	0
959	116	0
960	214	0
961	214	0
962	214	0
963	214	0
964	214	0
965	213	0
966	213	0
967	213	0
968	214	0
969	214	0
970	214	0
971	213	0
972	214	0
973	214	0
974	213	0
975	213	0
976	214	0
977	213	0
978	214	0
979	214	0
980	214	0
981	214	0
982	214	0
983	214	0
984	213	0
985	214	0
986	213	0
987	213	0
988	213	0
989	213	0
990	213	0
991	214	0
992	214	0
993	214	0
994	214	0
995	214	0
996	214	0
997	213	0
998	214	0
999	214	0
