Oscilloscope data. 
Time step = 50,00 nS
Voltage step = 31,25 mV
Zero level = 128

N 	Smpl.	Trig

0	86	0
1	86	0
2	86	0
3	85	0
4	85	0
5	85	0
6	85	0
7	86	0
8	85	0
9	87	0
10	86	0
11	85	0
12	85	0
13	86	0
14	85	0
15	86	0
16	86	0
17	86	0
18	86	0
19	85	0
20	86	0
21	86	0
22	86	0
23	86	0
24	86	0
25	85	0
26	85	0
27	218	0
28	214	0
29	214	0
30	214	0
31	214	0
32	214	0
33	214	0
34	214	0
35	214	0
36	213	0
37	214	0
38	214	0
39	214	0
40	214	0
41	213	0
42	213	0
43	214	0
44	214	0
45	214	0
46	214	0
47	214	0
48	214	0
49	214	0
50	214	0
51	214	0
52	214	0
53	214	0
54	214	0
55	214	0
56	214	0
57	214	0
58	213	0
59	214	0
60	214	0
61	214	0
62	214	0
63	213	0
64	213	0
65	214	0
66	214	0
67	214	0
68	214	0
69	214	0
70	214	0
71	214	0
72	214	0
73	214	0
74	214	0
75	214	0
76	213	0
77	214	0
78	214	0
79	214	0
80	214	0
81	213	0
82	213	0
83	214	0
84	213	0
85	214	0
86	214	0
87	80	0
88	85	0
89	85	0
90	86	0
91	85	0
92	85	0
93	86	0
94	86	0
95	85	0
96	85	0
97	85	0
98	85	0
99	86	0
100	86	0
101	85	0
102	85	0
103	86	0
104	86	0
105	85	0
106	85	0
107	85	0
108	86	0
109	86	0
110	85	0
111	85	0
112	86	0
113	85	0
114	86	0
115	85	0
116	85	0
117	85	0
118	86	0
119	86	0
120	86	0
121	86	0
122	85	0
123	85	0
124	86	0
125	85	0
126	85	0
127	85	0
128	85	0
129	86	0
130	86	0
131	86	0
132	86	0
133	86	0
134	85	0
135	85	0
136	86	0
137	86	0
138	85	0
139	85	0
140	86	0
141	85	0
142	85	0
143	86	0
144	85	0
145	86	0
146	85	0
147	86	0
148	86	0
149	85	0
150	85	0
151	86	0
152	86	0
153	86	0
154	85	0
155	86	0
156	85	0
157	86	0
158	85	0
159	86	0
160	86	0
161	85	0
162	86	0
163	85	0
164	85	0
165	85	0
166	85	0
167	86	0
168	86	0
169	86	0
170	85	0
171	86	0
172	86	0
173	86	0
174	86	0
175	85	0
176	86	0
177	86	0
178	86	0
179	86	0
180	86	0
181	86	0
182	86	0
183	85	0
184	86	0
185	86	0
186	86	0
187	86	0
188	85	0
189	85	0
190	85	0
191	86	0
192	85	0
193	85	0
194	85	0
195	86	0
196	86	0
197	85	0
198	85	0
199	86	0
200	86	0
201	86	0
202	85	0
203	85	0
204	86	0
205	86	0
206	86	0
207	219	0
208	214	0
209	214	0
210	215	0
211	214	0
212	214	0
213	214	0
214	214	0
215	213	0
216	213	0
217	214	0
218	214	0
219	214	0
220	214	0
221	214	0
222	214	0
223	214	0
224	214	0
225	213	0
226	214	0
227	214	0
228	214	0
229	214	0
230	213	0
231	214	0
232	213	0
233	214	0
234	214	0
235	214	0
236	213	0
237	214	0
238	213	0
239	214	0
240	213	0
241	214	0
242	213	0
243	213	0
244	214	0
245	213	0
246	213	0
247	213	0
248	214	0
249	214	0
250	213	0
251	213	0
252	214	0
253	214	0
254	214	0
255	214	0
256	214	0
257	214	0
258	213	0
259	213	0
260	214	0
261	214	0
262	214	0
263	214	0
264	213	0
265	214	0
266	214	0
267	80	0
268	86	0
269	86	0
270	86	0
271	86	0
272	85	0
273	86	0
274	85	0
275	86	0
276	86	0
277	86	0
278	86	0
279	86	0
280	86	0
281	85	0
282	86	0
283	86	0
284	86	0
285	85	0
286	86	0
287	86	0
288	86	0
289	85	0
290	85	0
291	85	0
292	85	0
293	86	0
294	86	0
295	85	0
296	85	0
297	85	0
298	86	0
299	85	0
300	85	0
301	85	0
302	86	0
303	85	0
304	86	0
305	86	0
306	86	0
307	86	0
308	86	0
309	86	0
310	85	0
311	86	0
312	86	0
313	86	0
314	85	0
315	86	0
316	85	0
317	85	0
318	86	0
319	86	0
320	86	0
321	85	0
322	85	0
323	85	0
324	86	0
325	86	0
326	85	0
327	85	0
328	85	0
329	85	0
330	85	0
331	85	0
332	86	0
333	86	0
334	85	0
335	85	0
336	85	0
337	86	0
338	86	0
339	85	0
340	86	0
341	86	0
342	85	0
343	85	0
344	86	0
345	85	0
346	85	0
347	86	0
348	86	0
349	86	0
350	85	0
351	85	0
352	86	0
353	85	0
354	86	0
355	85	0
356	86	0
357	85	0
358	86	0
359	85	0
360	86	0
361	85	0
362	85	0
363	85	0
364	85	0
365	86	0
366	85	0
367	85	0
368	85	0
369	86	0
370	85	0
371	86	0
372	86	0
373	86	0
374	85	0
375	85	0
376	86	0
377	86	0
378	86	0
379	85	0
380	85	0
381	86	0
382	86	0
383	85	0
384	85	0
385	85	0
386	86	0
387	219	0
388	215	0
389	213	0
390	214	0
391	214	0
392	214	0
393	214	0
394	214	0
395	214	0
396	214	0
397	214	0
398	213	0
399	213	0
400	214	0
401	214	0
402	214	0
403	214	0
404	214	0
405	214	0
406	214	0
407	213	0
408	213	0
409	214	0
410	213	0
411	214	0
412	214	0
413	215	0
414	214	0
415	214	0
416	214	0
417	214	0
418	214	0
419	214	0
420	213	0
421	214	0
422	214	0
423	214	0
424	214	0
425	213	0
426	214	0
427	213	0
428	214	0
429	213	0
430	214	0
431	213	0
432	214	0
433	214	0
434	214	0
435	213	0
436	214	0
437	214	0
438	213	0
439	214	0
440	213	0
441	213	0
442	214	0
443	214	0
444	213	0
445	214	0
446	214	0
447	80	0
448	85	0
449	85	0
450	85	0
451	85	0
452	86	0
453	86	0
454	86	0
455	85	0
456	85	0
457	85	0
458	85	0
459	86	0
460	85	0
461	85	0
462	85	0
463	86	0
464	85	0
465	85	0
466	85	0
467	86	0
468	85	0
469	85	0
470	85	0
471	85	0
472	85	0
473	86	0
474	86	0
475	85	0
476	86	0
477	85	0
478	85	0
479	86	0
480	85	0
481	85	0
482	85	0
483	85	0
484	85	0
485	85	0
486	86	0
487	85	0
488	86	0
489	87	0
490	86	0
491	86	0
492	85	0
493	85	0
494	86	0
495	86	0
496	86	0
497	85	0
498	85	0
499	86	0
500	86	0
501	86	0
502	85	0
503	86	0
504	86	0
505	86	0
506	85	0
507	85	0
508	86	0
509	85	0
510	86	0
511	86	0
512	86	0
513	86	0
514	85	0
515	85	0
516	86	0
517	85	0
518	86	0
519	85	0
520	86	0
521	85	0
522	86	0
523	86	0
524	86	0
525	86	0
526	85	0
527	86	0
528	85	0
529	85	0
530	85	0
531	86	0
532	85	0
533	86	0
534	86	0
535	85	0
536	85	0
537	85	0
538	85	0
539	86	0
540	85	0
541	86	0
542	87	0
543	86	0
544	86	0
545	85	0
546	86	0
547	86	0
548	86	0
549	86	0
550	86	0
551	85	0
552	85	0
553	85	0
554	86	0
555	85	0
556	85	0
557	86	0
558	85	0
559	86	0
560	85	0
561	85	0
562	86	0
563	86	0
564	86	0
565	86	0
566	86	0
567	218	0
568	214	0
569	214	0
570	214	0
571	214	0
572	214	0
573	214	0
574	214	0
575	213	0
576	214	0
577	213	0
578	213	0
579	214	0
580	214	0
581	214	0
582	213	0
583	214	0
584	214	0
585	214	0
586	213	0
587	213	0
588	213	0
589	214	0
590	214	0
591	214	0
592	214	0
593	214	0
594	214	0
595	213	0
596	213	0
597	213	0
598	214	0
599	213	0
600	213	0
601	213	0
602	213	0
603	213	0
604	214	0
605	213	0
606	214	0
607	214	0
608	213	0
609	213	0
610	213	0
611	214	0
612	214	0
613	213	0
614	214	0
615	213	0
616	214	0
617	214	0
618	214	0
619	214	0
620	213	0
621	213	0
622	214	0
623	214	0
624	214	0
625	213	0
626	213	0
627	80	0
628	86	0
629	85	0
630	86	0
631	85	0
632	85	0
633	85	0
634	86	0
635	85	0
636	85	0
637	85	0
638	85	0
639	86	0
640	86	0
641	85	0
642	85	0
643	85	0
644	85	0
645	86	0
646	85	0
647	86	0
648	85	0
649	85	0
650	85	0
651	86	0
652	85	0
653	85	0
654	86	0
655	85	0
656	86	0
657	85	0
658	86	0
659	85	0
660	85	0
661	86	0
662	85	0
663	85	0
664	86	0
665	85	0
666	85	0
667	86	0
668	85	0
669	85	0
670	85	0
671	85	0
672	85	0
673	86	0
674	86	0
675	85	0
676	85	0
677	86	0
678	85	0
679	85	0
680	86	0
681	85	0
682	85	0
683	86	0
684	86	0
685	86	0
686	85	0
687	86	0
688	85	0
689	85	0
690	86	0
691	86	0
692	86	0
693	85	0
694	85	0
695	85	0
696	85	0
697	85	0
698	85	0
699	86	0
700	86	0
701	86	0
702	85	0
703	85	0
704	85	0
705	86	0
706	86	0
707	85	0
708	85	0
709	85	0
710	86	0
711	85	0
712	85	0
713	86	0
714	86	0
715	86	0
716	85	0
717	86	0
718	86	0
719	86	0
720	85	0
721	86	0
722	85	0
723	86	0
724	85	0
725	86	0
726	85	0
727	85	0
728	85	0
729	85	0
730	86	0
731	85	0
732	85	0
733	86	0
734	86	0
735	86	0
736	86	0
737	86	0
738	85	0
739	86	0
740	85	0
741	85	0
742	86	0
743	86	0
744	86	0
745	85	0
746	86	0
747	219	0
748	214	0
749	214	0
750	213	0
751	214	0
752	214	0
753	214	0
754	214	0
755	214	0
756	214	0
757	214	0
758	214	0
759	214	0
760	214	0
761	214	0
762	214	0
763	214	0
764	214	0
765	214	0
766	213	0
767	213	0
768	214	0
769	214	0
770	214	0
771	214	0
772	213	0
773	214	0
774	214	0
775	213	0
776	213	0
777	213	0
778	214	0
779	214	0
780	213	0
781	214	0
782	214	0
783	214	0
784	213	0
785	213	0
786	214	0
787	213	0
788	214	0
789	214	0
790	214	0
791	213	0
792	214	0
793	213	0
794	213	0
795	214	0
796	214	0
797	213	0
798	213	0
799	214	0
800	213	0
801	213	0
802	214	0
803	214	0
804	213	0
805	213	0
806	214	0
807	80	0
808	85	0
809	85	0
810	86	0
811	85	0
812	86	0
813	85	0
814	85	0
815	85	0
816	85	0
817	85	0
818	85	0
819	85	0
820	85	0
821	85	0
822	85	0
823	85	0
824	86	0
825	85	0
826	85	0
827	86	0
828	86	0
829	86	0
830	85	0
831	85	0
832	86	0
833	85	0
834	86	0
835	85	0
836	85	0
837	86	0
838	85	0
839	85	0
840	85	0
841	85	0
842	86	0
843	85	0
844	86	0
845	85	0
846	86	0
847	85	0
848	85	0
849	85	0
850	86	0
851	85	0
852	86	0
853	85	0
854	86	0
855	86	0
856	86	0
857	85	0
858	85	0
859	86	0
860	86	0
861	85	0
862	85	0
863	85	0
864	86	0
865	86	0
866	85	0
867	86	0
868	86	0
869	85	0
870	85	0
871	86	0
872	85	0
873	86	0
874	86	0
875	86	0
876	85	0
877	85	0
878	85	0
879	86	0
880	85	0
881	86	0
882	86	0
883	85	0
884	85	0
885	85	0
886	86	0
887	85	0
888	86	0
889	86	0
890	86	0
891	86	0
892	85	0
893	86	0
894	86	0
895	85	0
896	85	0
897	86	0
898	85	0
899	86	0
900	85	0
901	86	0
902	86	0
903	86	0
904	86	0
905	85	0
906	85	0
907	86	0
908	85	0
909	85	0
910	85	0
911	86	0
912	86	0
913	85	0
914	86	0
915	85	0
916	86	0
917	86	0
918	85	0
919	86	0
920	85	0
921	85	0
922	85	0
923	86	0
924	85	0
925	85	0
926	86	0
927	219	0
928	214	0
929	213	0
930	213	0
931	214	0
932	214	0
933	213	0
934	214	0
935	213	0
936	213	0
937	214	0
938	213	0
939	213	0
940	214	0
941	214	0
942	214	0
943	213	0
944	214	0
945	214	0
946	214	0
947	213	0
948	214	0
949	213	0
950	213	0
951	214	0
952	213	0
953	214	0
954	213	0
955	213	0
956	214	0
957	214	0
958	214	0
959	213	0
960	214	0
961	213	0
962	213	0
963	213	0
964	214	0
965	213	0
966	214	0
967	214	0
968	214	0
969	213	0
970	213	0
971	213	0
972	213	0
973	214	0
974	213	0
975	213	0
976	213	0
977	213	0
978	213	0
979	214	0
980	214	0
981	213	0
982	214	0
983	213	0
984	214	0
985	214	0
986	213	0
987	80	0
988	85	0
989	85	0
990	85	0
991	86	0
992	85	0
993	85	0
994	85	0
995	85	0
996	85	0
997	85	0
998	85	0
999	85	0
