Oscilloscope data. 
Time step = 1,000 uS
Voltage step = 31,25 mV
Zero level = 128

N 	Smpl.	Trig

0	64	0
1	90	0
2	144	0
3	186	0
4	187	0
5	145	0
6	91	0
7	65	0
8	84	0
9	135	0
10	182	0
11	190	0
12	153	0
13	99	0
14	65	0
15	79	0
16	128	0
17	177	0
18	191	0
19	159	0
20	106	0
21	67	0
22	74	0
23	119	0
24	171	0
25	192	0
26	167	0
27	113	0
28	71	0
29	70	0
30	111	0
31	165	0
32	192	0
33	173	0
34	121	0
35	75	0
36	67	0
37	104	0
38	159	0
39	191	0
40	179	0
41	129	0
42	79	0
43	65	0
44	97	0
45	151	0
46	189	0
47	183	0
48	137	0
49	85	0
50	64	0
51	91	0
52	144	0
53	186	0
54	187	0
55	145	0
56	91	0
57	64	0
58	84	0
59	135	0
60	182	0
61	190	0
62	152	0
63	99	0
64	65	0
65	79	0
66	127	0
67	177	0
68	191	0
69	159	0
70	106	0
71	68	0
72	74	0
73	120	0
74	171	0
75	193	0
76	167	0
77	113	0
78	71	0
79	70	0
80	111	0
81	165	0
82	192	0
83	172	0
84	121	0
85	75	0
86	67	0
87	104	0
88	159	0
89	191	0
90	178	0
91	128	0
92	80	0
93	65	0
94	97	0
95	151	0
96	189	0
97	183	0
98	137	0
99	85	0
100	64	0
101	90	0
102	144	0
103	185	0
104	187	0
105	145	0
106	91	0
107	64	0
108	84	0
109	136	0
110	182	0
111	189	0
112	152	0
113	99	0
114	66	0
115	79	0
116	128	0
117	177	0
118	191	0
119	159	0
120	106	0
121	67	0
122	74	0
123	120	0
124	172	0
125	192	0
126	167	0
127	113	0
128	71	0
129	70	0
130	111	0
131	165	0
132	192	0
133	172	0
134	121	0
135	75	0
136	67	0
137	104	0
138	159	0
139	191	0
140	179	0
141	129	0
142	79	0
143	65	0
144	97	0
145	151	0
146	189	0
147	183	0
148	136	0
149	85	0
150	64	0
151	90	0
152	144	0
153	186	0
154	187	0
155	145	0
156	91	0
157	64	0
158	84	0
159	136	0
160	182	0
161	189	0
162	152	0
163	99	0
164	66	0
165	79	0
166	128	0
167	177	0
168	192	0
169	159	0
170	105	0
171	67	0
172	74	0
173	120	0
174	172	0
175	192	0
176	167	0
177	113	0
178	70	0
179	71	0
180	112	0
181	165	0
182	192	0
183	172	0
184	121	0
185	75	0
186	67	0
187	104	0
188	159	0
189	191	0
190	179	0
191	129	0
192	79	0
193	64	0
194	97	0
195	151	0
196	189	0
197	183	0
198	137	0
199	85	0
200	64	0
201	90	0
202	144	0
203	185	0
204	187	0
205	145	0
206	91	0
207	64	0
208	84	0
209	135	0
210	182	0
211	190	0
212	152	0
213	99	0
214	65	0
215	79	0
216	128	0
217	177	0
218	191	0
219	159	0
220	106	0
221	68	0
222	75	0
223	120	0
224	171	0
225	193	0
226	166	0
227	112	0
228	71	0
229	70	0
230	112	0
231	165	0
232	192	0
233	173	0
234	121	0
235	75	0
236	67	0
237	104	0
238	159	0
239	191	0
240	178	0
241	129	0
242	79	0
243	65	0
244	97	0
245	151	0
246	189	0
247	183	0
248	137	0
249	85	0
250	64	0
251	90	0
252	144	0
253	185	0
254	187	0
255	145	0
256	91	0
257	64	0
258	84	0
259	135	0
260	182	0
261	190	0
262	152	0
263	98	0
264	65	0
265	79	0
266	128	0
267	177	0
268	191	0
269	160	0
270	106	0
271	67	0
272	74	0
273	119	0
274	172	0
275	192	0
276	167	0
277	113	0
278	70	0
279	70	0
280	111	0
281	165	0
282	192	0
283	173	0
284	121	0
285	75	0
286	67	0
287	104	0
288	159	0
289	191	0
290	179	0
291	129	0
292	79	0
293	65	0
294	97	0
295	151	0
296	189	0
297	183	0
298	137	0
299	85	0
300	64	0
301	90	0
302	143	0
303	185	0
304	187	0
305	145	0
306	91	0
307	64	0
308	84	0
309	136	0
310	182	0
311	189	0
312	152	0
313	99	0
314	66	0
315	79	0
316	127	0
317	177	0
318	192	0
319	159	0
320	105	0
321	67	0
322	74	0
323	119	0
324	172	0
325	192	0
326	167	0
327	113	0
328	71	0
329	70	0
330	111	0
331	165	0
332	192	0
333	173	0
334	121	0
335	75	0
336	67	0
337	104	0
338	159	0
339	191	0
340	179	0
341	129	0
342	80	0
343	66	0
344	97	0
345	151	0
346	189	0
347	183	0
348	136	0
349	86	0
350	65	0
351	90	0
352	144	0
353	185	0
354	187	0
355	145	0
356	91	0
357	64	0
358	84	0
359	136	0
360	182	0
361	190	0
362	152	0
363	99	0
364	65	0
365	79	0
366	127	0
367	177	0
368	191	0
369	159	0
370	105	0
371	67	0
372	75	0
373	119	0
374	172	0
375	192	0
376	167	0
377	113	0
378	70	0
379	71	0
380	112	0
381	166	0
382	192	0
383	172	0
384	122	0
385	75	0
386	67	0
387	104	0
388	159	0
389	191	0
390	179	0
391	129	0
392	79	0
393	65	0
394	97	0
395	151	0
396	189	0
397	183	0
398	137	0
399	85	0
400	64	0
401	90	0
402	143	0
403	185	0
404	187	0
405	145	0
406	91	0
407	64	0
408	84	0
409	135	0
410	182	0
411	189	0
412	152	0
413	98	0
414	65	0
415	78	0
416	127	0
417	177	0
418	191	0
419	159	0
420	106	0
421	68	0
422	74	0
423	119	0
424	171	0
425	192	0
426	167	0
427	113	0
428	71	0
429	70	0
430	111	0
431	166	0
432	192	0
433	172	0
434	121	0
435	75	0
436	67	0
437	104	0
438	159	0
439	191	0
440	179	0
441	129	0
442	80	0
443	65	0
444	97	0
445	151	0
446	189	0
447	183	0
448	136	0
449	85	0
450	64	0
451	90	0
452	144	0
453	186	0
454	187	0
455	145	0
456	91	0
457	65	0
458	84	0
459	135	0
460	182	0
461	190	0
462	153	0
463	98	0
464	65	0
465	79	0
466	128	0
467	177	0
468	191	0
469	160	0
470	106	0
471	68	0
472	74	0
473	119	0
474	172	0
475	192	0
476	167	0
477	113	0
478	71	0
479	70	0
480	111	0
481	165	0
482	192	0
483	172	0
484	121	0
485	75	0
486	67	0
487	104	0
488	159	0
489	191	0
490	179	0
491	128	0
492	79	0
493	65	0
494	97	0
495	151	0
496	189	0
497	183	0
498	137	0
499	85	0
500	64	0
501	90	0
502	143	0
503	186	0
504	187	0
505	145	0
506	91	0
507	64	0
508	84	0
509	135	0
510	182	0
511	190	0
512	152	0
513	99	0
514	65	0
515	79	0
516	127	0
517	177	0
518	192	0
519	159	0
520	106	0
521	68	0
522	74	0
523	119	0
524	171	0
525	192	0
526	167	0
527	113	0
528	71	0
529	70	0
530	111	0
531	165	0
532	192	0
533	172	0
534	121	0
535	75	0
536	67	0
537	104	0
538	159	0
539	191	0
540	179	0
541	129	0
542	79	0
543	65	0
544	97	0
545	151	0
546	189	0
547	183	0
548	137	0
549	86	0
550	64	0
551	90	0
552	143	0
553	185	0
554	187	0
555	145	0
556	91	0
557	64	0
558	84	0
559	135	0
560	181	0
561	190	0
562	153	0
563	98	0
564	65	0
565	78	0
566	128	0
567	177	0
568	192	0
569	159	0
570	106	0
571	68	0
572	74	0
573	119	0
574	171	0
575	192	0
576	167	0
577	113	0
578	71	0
579	70	0
580	111	0
581	165	0
582	192	0
583	172	0
584	121	0
585	75	0
586	67	0
587	104	0
588	159	0
589	191	0
590	179	0
591	128	0
592	79	0
593	65	0
594	97	0
595	151	0
596	189	0
597	183	0
598	137	0
599	85	0
600	64	0
601	90	0
602	144	0
603	186	0
604	187	0
605	144	0
606	91	0
607	64	0
608	84	0
609	135	0
610	182	0
611	190	0
612	152	0
613	98	0
614	66	0
615	79	0
616	128	0
617	177	0
618	191	0
619	160	0
620	106	0
621	68	0
622	75	0
623	120	0
624	172	0
625	192	0
626	167	0
627	113	0
628	70	0
629	71	0
630	111	0
631	165	0
632	192	0
633	173	0
634	121	0
635	75	0
636	67	0
637	104	0
638	159	0
639	191	0
640	178	0
641	129	0
642	79	0
643	65	0
644	97	0
645	151	0
646	189	0
647	183	0
648	137	0
649	85	0
650	64	0
651	90	0
652	144	0
653	185	0
654	187	0
655	144	0
656	91	0
657	64	0
658	84	0
659	136	0
660	182	0
661	189	0
662	152	0
663	99	0
664	65	0
665	79	0
666	128	0
667	177	0
668	191	0
669	159	0
670	106	0
671	68	0
672	74	0
673	120	0
674	171	0
675	192	0
676	167	0
677	113	0
678	71	0
679	70	0
680	111	0
681	165	0
682	192	0
683	172	0
684	122	0
685	75	0
686	67	0
687	104	0
688	159	0
689	191	0
690	178	0
691	129	0
692	79	0
693	65	0
694	97	0
695	151	0
696	189	0
697	183	0
698	137	0
699	85	0
700	64	0
701	90	0
702	144	0
703	186	0
704	187	0
705	144	0
706	91	0
707	64	0
708	84	0
709	135	0
710	182	0
711	189	0
712	152	0
713	99	0
714	66	0
715	79	0
716	127	0
717	177	0
718	192	0
719	159	0
720	105	0
721	68	0
722	73	0
723	120	0
724	171	0
725	192	0
726	167	0
727	113	0
728	71	0
729	70	0
730	112	0
731	165	0
732	192	0
733	172	0
734	121	0
735	75	0
736	67	0
737	104	0
738	159	0
739	191	0
740	179	0
741	129	0
742	80	0
743	64	0
744	97	0
745	151	0
746	189	0
747	183	0
748	137	0
749	85	0
750	64	0
751	90	0
752	144	0
753	185	0
754	187	0
755	145	0
756	91	0
757	64	0
758	84	0
759	135	0
760	182	0
761	189	0
762	152	0
763	98	0
764	66	0
765	78	0
766	127	0
767	177	0
768	191	0
769	160	0
770	106	0
771	67	0
772	74	0
773	120	0
774	172	0
775	192	0
776	167	0
777	113	0
778	71	0
779	70	0
780	112	0
781	165	0
782	192	0
783	172	0
784	121	0
785	75	0
786	67	0
787	104	0
788	159	0
789	191	0
790	178	0
791	129	0
792	79	0
793	65	0
794	97	0
795	151	0
796	189	0
797	183	0
798	136	0
799	85	0
800	65	0
801	89	0
802	144	0
803	185	0
804	187	0
805	145	0
806	91	0
807	64	0
808	84	0
809	135	0
810	182	0
811	189	0
812	152	0
813	99	0
814	65	0
815	79	0
816	127	0
817	177	0
818	191	0
819	159	0
820	105	0
821	67	0
822	74	0
823	119	0
824	171	0
825	193	0
826	167	0
827	114	0
828	70	0
829	70	0
830	111	0
831	165	0
832	192	0
833	173	0
834	121	0
835	75	0
836	67	0
837	104	0
838	159	0
839	191	0
840	179	0
841	128	0
842	79	0
843	64	0
844	97	0
845	151	0
846	189	0
847	183	0
848	137	0
849	85	0
850	64	0
851	91	0
852	144	0
853	186	0
854	187	0
855	145	0
856	91	0
857	65	0
858	84	0
859	136	0
860	182	0
861	190	0
862	152	0
863	99	0
864	65	0
865	79	0
866	128	0
867	177	0
868	191	0
869	159	0
870	106	0
871	68	0
872	74	0
873	119	0
874	172	0
875	192	0
876	167	0
877	113	0
878	71	0
879	71	0
880	112	0
881	166	0
882	192	0
883	172	0
884	121	0
885	75	0
886	67	0
887	104	0
888	159	0
889	191	0
890	178	0
891	129	0
892	80	0
893	64	0
894	97	0
895	151	0
896	188	0
897	183	0
898	137	0
899	86	0
900	64	0
901	90	0
902	144	0
903	185	0
904	186	0
905	145	0
906	91	0
907	64	0
908	84	0
909	135	0
910	182	0
911	190	0
912	152	0
913	99	0
914	66	0
915	79	0
916	128	0
917	178	0
918	192	0
919	159	0
920	106	0
921	67	0
922	75	0
923	120	0
924	172	0
925	192	0
926	167	0
927	113	0
928	70	0
929	71	0
930	112	0
931	165	0
932	192	0
933	172	0
934	121	0
935	75	0
936	67	0
937	104	0
938	158	0
939	191	0
940	179	0
941	129	0
942	80	0
943	65	0
944	97	0
945	151	0
946	189	0
947	183	0
948	137	0
949	86	0
950	64	0
951	90	0
952	144	0
953	185	0
954	187	0
955	145	0
956	91	0
957	64	0
958	84	0
959	136	0
960	181	0
961	189	0
962	152	0
963	98	0
964	65	0
965	79	0
966	128	0
967	177	0
968	191	0
969	159	0
970	105	0
971	68	0
972	74	0
973	119	0
974	171	0
975	192	0
976	167	0
977	113	0
978	71	0
979	70	0
980	112	0
981	165	0
982	192	0
983	172	0
984	120	0
985	75	0
986	67	0
987	104	0
988	159	0
989	191	0
990	179	0
991	129	0
992	79	0
993	65	0
994	97	0
995	151	0
996	189	0
997	183	0
998	137	0
999	85	0
