Oscilloscope data. 
Time step = 1,000 uS
Voltage step = 31,25 mV
Zero level = 128

N 	Smpl.	Trig

0	64	0
1	88	0
2	141	0
3	184	0
4	188	0
5	148	0
6	93	0
7	65	0
8	82	0
9	133	0
10	180	0
11	191	0
12	155	0
13	100	0
14	66	0
15	77	0
16	125	0
17	175	0
18	192	0
19	163	0
20	108	0
21	68	0
22	72	0
23	117	0
24	169	0
25	193	0
26	169	0
27	116	0
28	72	0
29	69	0
30	110	0
31	163	0
32	193	0
33	175	0
34	123	0
35	76	0
36	67	0
37	102	0
38	156	0
39	191	0
40	180	0
41	132	0
42	81	0
43	64	0
44	95	0
45	149	0
46	187	0
47	184	0
48	140	0
49	87	0
50	64	0
51	88	0
52	141	0
53	185	0
54	187	0
55	147	0
56	94	0
57	65	0
58	83	0
59	133	0
60	180	0
61	191	0
62	155	0
63	100	0
64	67	0
65	77	0
66	124	0
67	175	0
68	192	0
69	162	0
70	108	0
71	68	0
72	72	0
73	116	0
74	169	0
75	192	0
76	169	0
77	116	0
78	72	0
79	69	0
80	109	0
81	163	0
82	192	0
83	175	0
84	123	0
85	76	0
86	66	0
87	102	0
88	156	0
89	191	0
90	180	0
91	132	0
92	81	0
93	64	0
94	95	0
95	148	0
96	188	0
97	184	0
98	140	0
99	87	0
100	65	0
101	87	0
102	141	0
103	184	0
104	187	0
105	148	0
106	93	0
107	65	0
108	83	0
109	133	0
110	181	0
111	191	0
112	155	0
113	101	0
114	67	0
115	77	0
116	125	0
117	175	0
118	192	0
119	162	0
120	108	0
121	69	0
122	72	0
123	117	0
124	169	0
125	192	0
126	169	0
127	116	0
128	72	0
129	69	0
130	110	0
131	163	0
132	192	0
133	175	0
134	123	0
135	76	0
136	67	0
137	101	0
138	155	0
139	190	0
140	180	0
141	132	0
142	81	0
143	65	0
144	95	0
145	148	0
146	188	0
147	184	0
148	140	0
149	87	0
150	64	0
151	88	0
152	141	0
153	184	0
154	187	0
155	147	0
156	94	0
157	64	0
158	83	0
159	133	0
160	181	0
161	191	0
162	155	0
163	101	0
164	66	0
165	77	0
166	125	0
167	175	0
168	192	0
169	163	0
170	108	0
171	68	0
172	72	0
173	116	0
174	169	0
175	192	0
176	169	0
177	115	0
178	72	0
179	69	0
180	109	0
181	163	0
182	192	0
183	175	0
184	124	0
185	76	0
186	67	0
187	101	0
188	156	0
189	191	0
190	180	0
191	132	0
192	81	0
193	64	0
194	95	0
195	148	0
196	188	0
197	184	0
198	141	0
199	87	0
200	64	0
201	88	0
202	141	0
203	184	0
204	187	0
205	147	0
206	94	0
207	64	0
208	83	0
209	133	0
210	181	0
211	191	0
212	155	0
213	100	0
214	66	0
215	76	0
216	125	0
217	175	0
218	192	0
219	162	0
220	108	0
221	69	0
222	73	0
223	117	0
224	170	0
225	192	0
226	169	0
227	115	0
228	72	0
229	69	0
230	110	0
231	163	0
232	192	0
233	175	0
234	124	0
235	76	0
236	66	0
237	101	0
238	156	0
239	191	0
240	180	0
241	132	0
242	81	0
243	65	0
244	95	0
245	148	0
246	187	0
247	184	0
248	140	0
249	87	0
250	65	0
251	88	0
252	141	0
253	184	0
254	187	0
255	148	0
256	94	0
257	64	0
258	82	0
259	133	0
260	180	0
261	191	0
262	155	0
263	101	0
264	66	0
265	76	0
266	125	0
267	175	0
268	192	0
269	162	0
270	108	0
271	68	0
272	72	0
273	117	0
274	169	0
275	192	0
276	169	0
277	115	0
278	72	0
279	69	0
280	109	0
281	163	0
282	193	0
283	175	0
284	124	0
285	76	0
286	67	0
287	101	0
288	155	0
289	191	0
290	180	0
291	132	0
292	81	0
293	65	0
294	95	0
295	148	0
296	188	0
297	184	0
298	140	0
299	87	0
300	64	0
301	88	0
302	141	0
303	185	0
304	188	0
305	147	0
306	93	0
307	64	0
308	83	0
309	133	0
310	181	0
311	191	0
312	155	0
313	101	0
314	66	0
315	77	0
316	125	0
317	175	0
318	192	0
319	163	0
320	108	0
321	68	0
322	72	0
323	116	0
324	169	0
325	192	0
326	169	0
327	116	0
328	72	0
329	69	0
330	109	0
331	163	0
332	192	0
333	175	0
334	124	0
335	76	0
336	67	0
337	101	0
338	155	0
339	191	0
340	180	0
341	132	0
342	82	0
343	65	0
344	95	0
345	148	0
346	188	0
347	184	0
348	140	0
349	87	0
350	64	0
351	88	0
352	140	0
353	184	0
354	188	0
355	148	0
356	94	0
357	65	0
358	82	0
359	132	0
360	180	0
361	191	0
362	155	0
363	101	0
364	66	0
365	77	0
366	124	0
367	175	0
368	192	0
369	162	0
370	108	0
371	68	0
372	72	0
373	116	0
374	169	0
375	192	0
376	169	0
377	115	0
378	72	0
379	69	0
380	109	0
381	163	0
382	192	0
383	175	0
384	124	0
385	76	0
386	67	0
387	101	0
388	156	0
389	191	0
390	180	0
391	132	0
392	81	0
393	64	0
394	95	0
395	148	0
396	188	0
397	184	0
398	140	0
399	87	0
400	64	0
401	88	0
402	141	0
403	184	0
404	188	0
405	148	0
406	94	0
407	65	0
408	83	0
409	132	0
410	180	0
411	191	0
412	155	0
413	101	0
414	66	0
415	76	0
416	124	0
417	175	0
418	192	0
419	162	0
420	108	0
421	68	0
422	72	0
423	117	0
424	169	0
425	192	0
426	168	0
427	116	0
428	72	0
429	68	0
430	109	0
431	163	0
432	192	0
433	175	0
434	124	0
435	76	0
436	66	0
437	101	0
438	155	0
439	191	0
440	180	0
441	132	0
442	81	0
443	64	0
444	95	0
445	148	0
446	188	0
447	184	0
448	140	0
449	87	0
450	64	0
451	88	0
452	141	0
453	184	0
454	187	0
455	147	0
456	93	0
457	65	0
458	83	0
459	133	0
460	181	0
461	190	0
462	155	0
463	101	0
464	67	0
465	76	0
466	125	0
467	175	0
468	192	0
469	163	0
470	108	0
471	68	0
472	72	0
473	117	0
474	170	0
475	192	0
476	169	0
477	116	0
478	72	0
479	68	0
480	109	0
481	163	0
482	192	0
483	174	0
484	123	0
485	77	0
486	67	0
487	101	0
488	155	0
489	191	0
490	180	0
491	131	0
492	82	0
493	65	0
494	95	0
495	149	0
496	188	0
497	184	0
498	140	0
499	87	0
500	64	0
501	87	0
502	141	0
503	184	0
504	188	0
505	148	0
506	95	0
507	64	0
508	82	0
509	133	0
510	181	0
511	191	0
512	155	0
513	101	0
514	66	0
515	76	0
516	125	0
517	175	0
518	192	0
519	162	0
520	108	0
521	69	0
522	72	0
523	117	0
524	169	0
525	192	0
526	169	0
527	116	0
528	72	0
529	69	0
530	109	0
531	163	0
532	192	0
533	175	0
534	124	0
535	76	0
536	67	0
537	101	0
538	155	0
539	191	0
540	180	0
541	132	0
542	81	0
543	65	0
544	95	0
545	149	0
546	188	0
547	184	0
548	140	0
549	87	0
550	64	0
551	88	0
552	141	0
553	184	0
554	188	0
555	147	0
556	94	0
557	64	0
558	83	0
559	133	0
560	180	0
561	191	0
562	155	0
563	100	0
564	66	0
565	77	0
566	124	0
567	176	0
568	192	0
569	162	0
570	108	0
571	69	0
572	73	0
573	116	0
574	170	0
575	192	0
576	169	0
577	115	0
578	72	0
579	69	0
580	109	0
581	163	0
582	192	0
583	175	0
584	123	0
585	76	0
586	67	0
587	102	0
588	155	0
589	191	0
590	180	0
591	132	0
592	81	0
593	65	0
594	95	0
595	148	0
596	188	0
597	184	0
598	140	0
599	87	0
600	64	0
601	88	0
602	141	0
603	184	0
604	188	0
605	147	0
606	94	0
607	64	0
608	83	0
609	132	0
610	180	0
611	191	0
612	155	0
613	101	0
614	66	0
615	77	0
616	124	0
617	176	0
618	192	0
619	163	0
620	108	0
621	68	0
622	72	0
623	117	0
624	170	0
625	192	0
626	168	0
627	116	0
628	72	0
629	68	0
630	110	0
631	163	0
632	192	0
633	175	0
634	124	0
635	76	0
636	66	0
637	102	0
638	156	0
639	191	0
640	180	0
641	132	0
642	81	0
643	65	0
644	95	0
645	148	0
646	187	0
647	184	0
648	139	0
649	87	0
650	64	0
651	88	0
652	141	0
653	184	0
654	188	0
655	147	0
656	94	0
657	65	0
658	82	0
659	133	0
660	180	0
661	191	0
662	155	0
663	100	0
664	66	0
665	77	0
666	125	0
667	175	0
668	192	0
669	162	0
670	108	0
671	69	0
672	73	0
673	117	0
674	169	0
675	192	0
676	169	0
677	115	0
678	71	0
679	69	0
680	109	0
681	163	0
682	192	0
683	175	0
684	123	0
685	76	0
686	67	0
687	101	0
688	155	0
689	191	0
690	180	0
691	132	0
692	81	0
693	65	0
694	95	0
695	148	0
696	187	0
697	184	0
698	140	0
699	87	0
700	64	0
701	88	0
702	141	0
703	184	0
704	188	0
705	148	0
706	93	0
707	64	0
708	83	0
709	133	0
710	181	0
711	191	0
712	155	0
713	101	0
714	66	0
715	76	0
716	125	0
717	175	0
718	192	0
719	162	0
720	108	0
721	68	0
722	72	0
723	117	0
724	170	0
725	192	0
726	169	0
727	116	0
728	72	0
729	69	0
730	109	0
731	163	0
732	192	0
733	175	0
734	123	0
735	76	0
736	66	0
737	101	0
738	155	0
739	191	0
740	180	0
741	132	0
742	82	0
743	64	0
744	95	0
745	148	0
746	188	0
747	184	0
748	140	0
749	87	0
750	64	0
751	88	0
752	141	0
753	184	0
754	188	0
755	148	0
756	94	0
757	65	0
758	83	0
759	133	0
760	180	0
761	191	0
762	155	0
763	100	0
764	67	0
765	77	0
766	125	0
767	176	0
768	191	0
769	162	0
770	108	0
771	69	0
772	72	0
773	117	0
774	169	0
775	192	0
776	169	0
777	116	0
778	72	0
779	69	0
780	109	0
781	163	0
782	192	0
783	175	0
784	123	0
785	76	0
786	67	0
787	102	0
788	155	0
789	191	0
790	180	0
791	131	0
792	82	0
793	64	0
794	95	0
795	148	0
796	187	0
797	184	0
798	140	0
799	87	0
800	64	0
801	88	0
802	141	0
803	184	0
804	187	0
805	147	0
806	94	0
807	65	0
808	83	0
809	133	0
810	180	0
811	191	0
812	155	0
813	101	0
814	66	0
815	76	0
816	125	0
817	175	0
818	192	0
819	163	0
820	108	0
821	68	0
822	72	0
823	117	0
824	169	0
825	192	0
826	169	0
827	116	0
828	71	0
829	69	0
830	109	0
831	163	0
832	192	0
833	175	0
834	123	0
835	76	0
836	66	0
837	102	0
838	156	0
839	191	0
840	180	0
841	132	0
842	81	0
843	65	0
844	95	0
845	148	0
846	187	0
847	184	0
848	140	0
849	87	0
850	64	0
851	88	0
852	141	0
853	185	0
854	188	0
855	147	0
856	94	0
857	65	0
858	83	0
859	132	0
860	180	0
861	191	0
862	155	0
863	100	0
864	66	0
865	77	0
866	124	0
867	175	0
868	192	0
869	162	0
870	108	0
871	68	0
872	72	0
873	117	0
874	169	0
875	192	0
876	169	0
877	116	0
878	72	0
879	69	0
880	109	0
881	163	0
882	192	0
883	175	0
884	124	0
885	76	0
886	66	0
887	101	0
888	155	0
889	191	0
890	180	0
891	132	0
892	81	0
893	64	0
894	94	0
895	148	0
896	187	0
897	184	0
898	140	0
899	87	0
900	64	0
901	87	0
902	141	0
903	185	0
904	187	0
905	147	0
906	94	0
907	64	0
908	83	0
909	133	0
910	181	0
911	191	0
912	155	0
913	100	0
914	66	0
915	77	0
916	125	0
917	175	0
918	192	0
919	162	0
920	108	0
921	69	0
922	73	0
923	117	0
924	169	0
925	193	0
926	169	0
927	115	0
928	72	0
929	69	0
930	109	0
931	163	0
932	192	0
933	175	0
934	123	0
935	76	0
936	66	0
937	101	0
938	156	0
939	191	0
940	180	0
941	132	0
942	82	0
943	65	0
944	95	0
945	148	0
946	187	0
947	184	0
948	140	0
949	87	0
950	64	0
951	87	0
952	141	0
953	185	0
954	188	0
955	147	0
956	94	0
957	64	0
958	82	0
959	133	0
960	180	0
961	191	0
962	155	0
963	101	0
964	66	0
965	76	0
966	124	0
967	175	0
968	192	0
969	162	0
970	108	0
971	69	0
972	73	0
973	116	0
974	169	0
975	192	0
976	169	0
977	116	0
978	72	0
979	69	0
980	109	0
981	163	0
982	192	0
983	175	0
984	123	0
985	76	0
986	66	0
987	101	0
988	156	0
989	191	0
990	180	0
991	131	0
992	82	0
993	65	0
994	95	0
995	149	0
996	188	0
997	184	0
998	140	0
999	87	0
