Oscilloscope data. 
Time step = 5,000 uS
Voltage step = 31,25 mV
Zero level = 128

N 	Smpl.	Trig

0	128	0
1	128	0
2	128	0
3	128	0
4	128	0
5	128	0
6	128	0
7	128	0
8	128	0
9	128	0
10	128	0
11	128	0
12	128	0
13	128	0
14	128	0
15	128	0
16	128	0
17	128	0
18	128	0
19	128	0
20	128	0
21	128	0
22	128	0
23	128	0
24	129	0
25	128	0
26	128	0
27	128	0
28	128	0
29	128	0
30	128	0
31	128	0
32	128	0
33	129	0
34	128	0
35	128	0
36	128	0
37	128	0
38	128	0
39	128	0
40	128	0
41	128	0
42	128	0
43	128	0
44	128	0
45	128	0
46	129	0
47	128	0
48	128	0
49	128	0
50	128	0
51	128	0
52	128	0
53	128	0
54	128	0
55	128	0
56	128	0
57	128	0
58	128	0
59	129	0
60	129	0
61	128	0
62	128	0
63	129	0
64	128	0
65	128	0
66	128	0
67	128	0
68	128	0
69	128	0
70	129	0
71	128	0
72	128	0
73	128	0
74	128	0
75	128	0
76	128	0
77	128	0
78	128	0
79	128	0
80	128	0
81	128	0
82	128	0
83	128	0
84	128	0
85	128	0
86	129	0
87	128	0
88	128	0
89	128	0
90	128	0
91	128	0
92	128	0
93	128	0
94	128	0
95	128	0
96	128	0
97	129	0
98	128	0
99	128	0
100	128	0
101	128	0
102	128	0
103	128	0
104	128	0
105	127	0
106	128	0
107	127	0
108	127	0
109	126	0
110	124	0
111	123	0
112	122	0
113	121	0
114	120	0
115	119	0
116	118	0
117	115	0
118	115	0
119	112	0
120	111	0
121	108	0
122	107	0
123	104	0
124	103	0
125	100	0
126	98	0
127	96	0
128	94	0
129	91	0
130	89	0
131	87	0
132	85	0
133	83	0
134	82	0
135	80	0
136	78	0
137	76	0
138	75	0
139	74	0
140	74	0
141	73	0
142	73	0
143	73	0
144	73	0
145	74	0
146	75	0
147	77	0
148	79	0
149	81	0
150	85	0
151	87	0
152	91	0
153	95	0
154	99	0
155	105	0
156	110	0
157	116	0
158	122	0
159	128	0
160	135	0
161	141	0
162	148	0
163	155	0
164	161	0
165	167	0
166	173	0
167	179	0
168	184	0
169	189	0
170	193	0
171	196	0
172	199	0
173	200	0
174	201	0
175	200	0
176	199	0
177	195	0
178	192	0
179	187	0
180	181	0
181	175	0
182	167	0
183	159	0
184	150	0
185	141	0
186	132	0
187	123	0
188	114	0
189	105	0
190	96	0
191	89	0
192	84	0
193	79	0
194	75	0
195	73	0
196	73	0
197	74	0
198	78	0
199	83	0
200	89	0
201	97	0
202	107	0
203	117	0
204	128	0
205	140	0
206	151	0
207	163	0
208	172	0
209	181	0
210	189	0
211	195	0
212	199	0
213	201	0
214	199	0
215	196	0
216	191	0
217	182	0
218	173	0
219	161	0
220	148	0
221	135	0
222	122	0
223	109	0
224	97	0
225	87	0
226	80	0
227	75	0
228	73	0
229	74	0
230	78	0
231	84	0
232	95	0
233	107	0
234	119	0
235	135	0
236	149	0
237	164	0
238	176	0
239	187	0
240	195	0
241	200	0
242	200	0
243	197	0
244	191	0
245	180	0
246	168	0
247	153	0
248	136	0
249	120	0
250	105	0
251	91	0
252	82	0
253	75	0
254	73	0
255	75	0
256	81	0
257	92	0
258	107	0
259	123	0
260	140	0
261	157	0
262	173	0
263	187	0
264	196	0
265	200	0
266	200	0
267	194	0
268	183	0
269	168	0
270	151	0
271	132	0
272	115	0
273	98	0
274	84	0
275	76	0
276	73	0
277	76	0
278	84	0
279	97	0
280	115	0
281	134	0
282	154	0
283	172	0
284	187	0
285	196	0
286	201	0
287	198	0
288	188	0
289	174	0
290	155	0
291	134	0
292	113	0
293	95	0
294	82	0
295	74	0
296	73	0
297	80	0
298	93	0
299	112	0
300	133	0
301	155	0
302	175	0
303	190	0
304	199	0
305	200	0
306	193	0
307	179	0
308	160	0
309	137	0
310	115	0
311	95	0
312	80	0
313	73	0
314	75	0
315	84	0
316	102	0
317	123	0
318	148	0
319	171	0
320	188	0
321	199	0
322	200	0
323	192	0
324	176	0
325	154	0
326	129	0
327	106	0
328	87	0
329	75	0
330	73	0
331	81	0
332	98	0
333	121	0
334	147	0
335	171	0
336	189	0
337	200	0
338	199	0
339	188	0
340	167	0
341	143	0
342	116	0
343	93	0
344	79	0
345	73	0
346	79	0
347	95	0
348	119	0
349	147	0
350	172	0
351	191	0
352	200	0
353	197	0
354	182	0
355	158	0
356	131	0
357	103	0
358	83	0
359	73	0
360	75	0
361	90	0
362	115	0
363	143	0
364	171	0
365	191	0
366	200	0
367	196	0
368	180	0
369	153	0
370	124	0
371	97	0
372	79	0
373	73	0
374	81	0
375	101	0
376	129	0
377	159	0
378	184	0
379	199	0
380	199	0
381	184	0
382	158	0
383	127	0
384	99	0
385	79	0
386	72	0
387	83	0
388	105	0
389	136	0
390	167	0
391	190	0
392	201	0
393	195	0
394	175	0
395	143	0
396	111	0
397	86	0
398	73	0
399	77	0
400	96	0
401	127	0
402	160	0
403	187	0
404	200	0
405	196	0
406	176	0
407	144	0
408	112	0
409	84	0
410	73	0
411	79	0
412	101	0
413	135	0
414	168	0
415	192	0
416	200	0
417	190	0
418	164	0
419	129	0
420	97	0
421	76	0
422	74	0
423	91	0
424	121	0
425	157	0
426	187	0
427	200	0
428	193	0
429	169	0
430	134	0
431	100	0
432	77	0
433	74	0
434	91	0
435	123	0
436	159	0
437	188	0
438	201	0
439	191	0
440	163	0
441	127	0
442	93	0
443	74	0
444	77	0
445	101	0
446	137	0
447	173	0
448	197	0
449	199	0
450	178	0
451	143	0
452	106	0
453	79	0
454	73	0
455	91	0
456	125	0
457	164	0
458	192	0
459	200	0
460	184	0
461	150	0
462	110	0
463	80	0
464	73	0
465	89	0
466	125	0
467	164	0
468	193	0
469	200	0
470	181	0
471	144	0
472	104	0
473	78	0
474	75	0
475	96	0
476	135	0
477	175	0
478	198	0
479	196	0
480	169	0
481	128	0
482	91	0
483	73	0
484	83	0
485	115	0
486	156	0
487	190	0
488	200	0
489	183	0
490	144	0
491	103	0
492	76	0
493	76	0
494	104	0
495	145	0
496	183	0
497	200	0
498	188	0
499	152	0
500	108	0
501	78	0
502	75	0
503	101	0
504	144	0
505	183	0
506	201	0
507	187	0
508	150	0
509	106	0
510	76	0
511	76	0
512	107	0
513	151	0
514	189	0
515	200	0
516	181	0
517	139	0
518	96	0
519	73	0
520	83	0
521	120	0
522	165	0
523	196	0
524	196	0
525	164	0
526	119	0
527	83	0
528	73	0
529	99	0
530	144	0
531	186	0
532	200	0
533	181	0
534	137	0
535	94	0
536	72	0
537	87	0
538	129	0
539	175	0
540	199	0
541	190	0
542	150	0
543	103	0
544	74	0
545	81	0
546	120	0
547	168	0
548	198	0
549	193	0
550	155	0
551	107	0
552	75	0
553	79	0
554	119	0
555	167	0
556	199	0
557	191	0
558	152	0
559	104	0
560	74	0
561	83	0
562	124	0
563	173	0
564	200	0
565	187	0
566	143	0
567	95	0
568	73	0
569	91	0
570	137	0
571	183	0
572	200	0
573	176	0
574	127	0
575	83	0
576	75	0
577	105	0
578	157	0
579	195	0
580	195	0
581	156	0
582	105	0
583	74	0
584	85	0
585	131	0
586	180	0
587	200	0
588	177	0
589	127	0
590	83	0
591	75	0
592	110	0
593	163	0
594	198	0
595	191	0
596	145	0
597	94	0
598	72	0
599	96	0
600	149	0
601	192	0
602	196	0
603	157	0
604	103	0
605	73	0
606	88	0
607	139	0
608	187	0
609	199	0
610	164	0
611	109	0
612	74	0
613	85	0
614	135	0
615	185	0
616	199	0
617	166	0
618	110	0
619	75	0
620	86	0
621	137	0
622	187	0
623	199	0
624	163	0
625	106	0
626	73	0
627	90	0
628	143	0
629	191	0
630	196	0
631	154	0
632	97	0
633	73	0
634	99	0
635	155	0
636	197	0
637	190	0
638	139	0
639	87	0
640	75	0
641	113	0
642	171	0
643	200	0
644	177	0
645	120	0
646	77	0
647	84	0
648	135	0
649	188	0
650	197	0
651	155	0
652	96	0
653	73	0
654	103	0
655	163	0
656	199	0
657	182	0
658	125	0
659	79	0
660	83	0
661	134	0
662	188	0
663	197	0
664	152	0
665	94	0
666	73	0
667	109	0
668	171	0
669	201	0
670	173	0
671	112	0
672	73	0
673	92	0
674	151	0
675	197	0
676	187	0
677	131	0
678	79	0
679	82	0
680	135	0
681	190	0
682	195	0
683	144	0
684	87	0
685	76	0
686	123	0
687	183	0
688	199	0
689	155	0
690	94	0
691	74	0
692	115	0
693	177	0
694	199	0
695	160	0
696	98	0
697	73	0
698	111	0
699	175	0
700	200	0
701	163	0
702	99	0
703	73	0
704	111	0
705	175	0
706	200	0
707	161	0
708	97	0
709	73	0
710	114	0
711	177	0
712	199	0
713	156	0
714	93	0
715	75	0
716	121	0
717	183	0
718	197	0
719	147	0
720	85	0
721	79	0
722	132	0
723	191	0
724	191	0
725	133	0
726	77	0
727	86	0
728	148	0
729	198	0
730	181	0
731	116	0
732	73	0
733	100	0
734	167	0
735	201	0
736	164	0
737	96	0
738	75	0
739	120	0
740	185	0
741	195	0
742	139	0
743	80	0
744	84	0
745	148	0
746	198	0
747	179	0
748	111	0
749	72	0
750	108	0
751	175	0
752	199	0
753	150	0
754	85	0
755	81	0
756	141	0
757	196	0
758	182	0
759	115	0
760	72	0
761	107	0
762	176	0
763	199	0
764	147	0
765	83	0
766	83	0
767	147	0
768	199	0
769	175	0
770	105	0
771	73	0
772	119	0
773	187	0
774	193	0
775	131	0
776	75	0
777	95	0
778	166	0
779	200	0
780	155	0
781	87	0
782	81	0
783	145	0
784	199	0
785	175	0
786	103	0
787	74	0
788	125	0
789	191	0
790	187	0
791	119	0
792	73	0
793	108	0
794	180	0
795	196	0
796	135	0
797	76	0
798	96	0
799	168	0
800	199	0
801	147	0
802	81	0
803	87	0
804	159	0
805	201	0
806	157	0
807	86	0
808	83	0
809	151	0
810	200	0
811	164	0
812	91	0
813	79	0
814	146	0
815	199	0
816	167	0
817	93	0
818	78	0
819	143	0
820	199	0
821	169	0
822	95	0
823	77	0
824	143	0
825	199	0
826	168	0
827	93	0
828	79	0
829	145	0
830	199	0
831	165	0
832	90	0
833	81	0
834	151	0
835	200	0
836	159	0
837	85	0
838	84	0
839	159	0
840	200	0
841	150	0
842	80	0
843	92	0
844	169	0
845	199	0
846	137	0
847	75	0
848	103	0
849	180	0
850	193	0
851	123	0
852	72	0
853	117	0
854	191	0
855	184	0
856	106	0
857	75	0
858	136	0
859	199	0
860	167	0
861	90	0
862	83	0
863	157	0
864	200	0
865	146	0
866	77	0
867	99	0
868	179	0
869	193	0
870	120	0
871	72	0
872	123	0
873	195	0
874	175	0
875	95	0
876	79	0
877	153	0
878	200	0
879	147	0
880	77	0
881	101	0
882	181	0
883	191	0
884	115	0
885	73	0
886	133	0
887	199	0
888	165	0
889	85	0
890	88	0
891	169	0
892	197	0
893	127	0
894	73	0
895	122	0
896	195	0
897	172	0
898	91	0
899	84	0
900	164	0
901	199	0
902	131	0
903	72	0
904	120	0
905	195	0
906	173	0
907	89	0
908	85	0
909	167	0
910	197	0
911	126	0
912	72	0
913	127	0
914	198	0
915	164	0
916	84	0
917	93	0
918	176	0
919	191	0
920	112	0
921	74	0
922	143	0
923	200	0
924	148	0
925	75	0
926	109	0
927	191	0
928	177	0
929	93	0
930	84	0
931	167	0
932	196	0
933	120	0
934	73	0
935	137	0
936	200	0
937	151	0
938	76	0
939	110	0
940	191	0
941	175	0
942	90	0
943	88	0
944	173	0
945	192	0
946	111	0
947	76	0
948	151	0
949	200	0
950	134	0
951	72	0
952	128	0
953	199	0
954	155	0
955	77	0
956	107	0
957	191	0
958	173	0
959	87	0
960	92	0
961	179	0
962	187	0
963	100	0
964	82	0
965	165	0
966	196	0
967	116	0
968	75	0
969	151	0
970	199	0
971	130	0
972	73	0
973	137	0
974	201	0
975	143	0
976	73	0
977	125	0
978	199	0
979	153	0
980	75	0
981	115	0
982	196	0
983	161	0
984	79	0
985	107	0
986	193	0
987	168	0
988	82	0
989	101	0
990	190	0
991	173	0
992	84	0
993	99	0
994	187	0
995	176	0
996	87	0
997	96	0
998	186	0
999	177	0
