Oscilloscope data. 
Time step = 1,000 uS
Voltage step = 31,25 mV
Zero level = 128

N 	Smpl.	Trig

0	191	0
1	96	0
2	113	0
3	183	0
4	66	0
5	161	0
6	144	0
7	73	0
8	191	0
9	95	0
10	113	0
11	183	0
12	66	0
13	161	0
14	144	0
15	73	0
16	191	0
17	95	0
18	113	0
19	183	0
20	67	0
21	160	0
22	144	0
23	73	0
24	191	0
25	96	0
26	113	0
27	183	0
28	66	0
29	161	0
30	144	0
31	73	0
32	191	0
33	96	0
34	113	0
35	183	0
36	66	0
37	161	0
38	144	0
39	73	0
40	191	0
41	96	0
42	113	0
43	183	0
44	66	0
45	161	0
46	144	0
47	73	0
48	191	0
49	96	0
50	112	0
51	183	0
52	66	0
53	161	0
54	144	0
55	73	0
56	191	0
57	96	0
58	113	0
59	183	0
60	67	0
61	161	0
62	144	0
63	73	0
64	191	0
65	96	0
66	112	0
67	183	0
68	66	0
69	161	0
70	144	0
71	73	0
72	191	0
73	95	0
74	113	0
75	183	0
76	67	0
77	161	0
78	144	0
79	73	0
80	190	0
81	96	0
82	112	0
83	183	0
84	67	0
85	161	0
86	144	0
87	73	0
88	191	0
89	96	0
90	113	0
91	183	0
92	67	0
93	161	0
94	144	0
95	73	0
96	191	0
97	96	0
98	114	0
99	183	0
100	66	0
101	161	0
102	144	0
103	73	0
104	191	0
105	96	0
106	113	0
107	183	0
108	66	0
109	161	0
110	144	0
111	73	0
112	191	0
113	95	0
114	113	0
115	183	0
116	66	0
117	161	0
118	144	0
119	72	0
120	191	0
121	96	0
122	113	0
123	183	0
124	67	0
125	161	0
126	144	0
127	73	0
128	191	0
129	95	0
130	113	0
131	183	0
132	67	0
133	161	0
134	144	0
135	73	0
136	191	0
137	96	0
138	113	0
139	183	0
140	66	0
141	161	0
142	144	0
143	73	0
144	191	0
145	96	0
146	113	0
147	183	0
148	66	0
149	161	0
150	144	0
151	73	0
152	191	0
153	96	0
154	113	0
155	183	0
156	66	0
157	161	0
158	144	0
159	73	0
160	191	0
161	95	0
162	112	0
163	183	0
164	66	0
165	161	0
166	144	0
167	73	0
168	191	0
169	96	0
170	113	0
171	183	0
172	66	0
173	161	0
174	144	0
175	73	0
176	191	0
177	96	0
178	114	0
179	183	0
180	66	0
181	161	0
182	144	0
183	73	0
184	191	0
185	96	0
186	114	0
187	183	0
188	66	0
189	161	0
190	144	0
191	73	0
192	191	0
193	96	0
194	113	0
195	183	0
196	66	0
197	161	0
198	144	0
199	73	0
200	191	0
201	96	0
202	113	0
203	183	0
204	66	0
205	161	0
206	144	0
207	73	0
208	191	0
209	95	0
210	113	0
211	183	0
212	67	0
213	161	0
214	144	0
215	73	0
216	191	0
217	96	0
218	114	0
219	183	0
220	67	0
221	161	0
222	144	0
223	73	0
224	191	0
225	95	0
226	113	0
227	183	0
228	66	0
229	161	0
230	144	0
231	73	0
232	191	0
233	96	0
234	113	0
235	183	0
236	66	0
237	161	0
238	144	0
239	73	0
240	191	0
241	96	0
242	113	0
243	183	0
244	66	0
245	162	0
246	144	0
247	73	0
248	191	0
249	95	0
250	113	0
251	183	0
252	67	0
253	161	0
254	144	0
255	73	0
256	191	0
257	95	0
258	113	0
259	183	0
260	66	0
261	161	0
262	144	0
263	73	0
264	191	0
265	96	0
266	113	0
267	183	0
268	66	0
269	161	0
270	144	0
271	73	0
272	191	0
273	96	0
274	114	0
275	183	0
276	66	0
277	162	0
278	144	0
279	73	0
280	191	0
281	96	0
282	113	0
283	183	0
284	67	0
285	161	0
286	144	0
287	73	0
288	191	0
289	96	0
290	113	0
291	183	0
292	66	0
293	161	0
294	144	0
295	73	0
296	191	0
297	95	0
298	114	0
299	183	0
300	66	0
301	161	0
302	144	0
303	73	0
304	191	0
305	96	0
306	113	0
307	183	0
308	66	0
309	161	0
310	144	0
311	73	0
312	191	0
313	96	0
314	114	0
315	183	0
316	66	0
317	161	0
318	144	0
319	73	0
320	191	0
321	96	0
322	114	0
323	183	0
324	66	0
325	161	0
326	144	0
327	72	0
328	191	0
329	96	0
330	113	0
331	183	0
332	66	0
333	161	0
334	144	0
335	73	0
336	191	0
337	96	0
338	113	0
339	183	0
340	66	0
341	161	0
342	144	0
343	73	0
344	191	0
345	95	0
346	113	0
347	183	0
348	67	0
349	161	0
350	144	0
351	73	0
352	191	0
353	96	0
354	114	0
355	183	0
356	67	0
357	161	0
358	144	0
359	73	0
360	191	0
361	96	0
362	113	0
363	183	0
364	67	0
365	162	0
366	144	0
367	73	0
368	191	0
369	95	0
370	113	0
371	183	0
372	67	0
373	161	0
374	144	0
375	73	0
376	191	0
377	96	0
378	113	0
379	183	0
380	66	0
381	161	0
382	144	0
383	73	0
384	191	0
385	96	0
386	113	0
387	183	0
388	67	0
389	161	0
390	144	0
391	73	0
392	191	0
393	96	0
394	113	0
395	183	0
396	67	0
397	161	0
398	144	0
399	73	0
400	191	0
401	96	0
402	113	0
403	183	0
404	67	0
405	161	0
406	144	0
407	73	0
408	190	0
409	95	0
410	112	0
411	183	0
412	66	0
413	161	0
414	144	0
415	73	0
416	191	0
417	95	0
418	113	0
419	183	0
420	67	0
421	160	0
422	144	0
423	73	0
424	191	0
425	96	0
426	113	0
427	183	0
428	67	0
429	161	0
430	144	0
431	73	0
432	191	0
433	96	0
434	113	0
435	183	0
436	66	0
437	161	0
438	144	0
439	73	0
440	191	0
441	95	0
442	113	0
443	183	0
444	66	0
445	161	0
446	144	0
447	73	0
448	191	0
449	96	0
450	113	0
451	183	0
452	66	0
453	161	0
454	144	0
455	73	0
456	191	0
457	96	0
458	113	0
459	183	0
460	66	0
461	161	0
462	144	0
463	73	0
464	191	0
465	95	0
466	113	0
467	183	0
468	65	0
469	161	0
470	144	0
471	73	0
472	191	0
473	95	0
474	113	0
475	183	0
476	66	0
477	161	0
478	144	0
479	73	0
480	191	0
481	95	0
482	113	0
483	183	0
484	66	0
485	161	0
486	144	0
487	73	0
488	191	0
489	96	0
490	113	0
491	183	0
492	66	0
493	161	0
494	144	0
495	73	0
496	191	0
497	95	0
498	113	0
499	183	0
500	66	0
501	161	0
502	144	0
503	72	0
504	191	0
505	96	0
506	114	0
507	183	0
508	66	0
509	161	0
510	144	0
511	73	0
512	191	0
513	95	0
514	113	0
515	183	0
516	66	0
517	161	0
518	144	0
519	73	0
520	191	0
521	96	0
522	113	0
523	183	0
524	66	0
525	161	0
526	144	0
527	73	0
528	191	0
529	96	0
530	113	0
531	183	0
532	66	0
533	161	0
534	144	0
535	73	0
536	191	0
537	96	0
538	113	0
539	183	0
540	67	0
541	161	0
542	144	0
543	73	0
544	191	0
545	95	0
546	114	0
547	183	0
548	65	0
549	161	0
550	144	0
551	73	0
552	191	0
553	96	0
554	113	0
555	183	0
556	67	0
557	161	0
558	144	0
559	72	0
560	191	0
561	96	0
562	113	0
563	183	0
564	67	0
565	161	0
566	144	0
567	73	0
568	191	0
569	96	0
570	112	0
571	183	0
572	67	0
573	161	0
574	144	0
575	73	0
576	191	0
577	96	0
578	113	0
579	183	0
580	66	0
581	161	0
582	144	0
583	73	0
584	191	0
585	96	0
586	113	0
587	183	0
588	66	0
589	161	0
590	144	0
591	73	0
592	191	0
593	96	0
594	113	0
595	183	0
596	67	0
597	161	0
598	144	0
599	73	0
600	191	0
601	96	0
602	114	0
603	183	0
604	67	0
605	161	0
606	144	0
607	72	0
608	191	0
609	96	0
610	114	0
611	183	0
612	66	0
613	161	0
614	145	0
615	73	0
616	191	0
617	95	0
618	113	0
619	183	0
620	67	0
621	161	0
622	144	0
623	72	0
624	191	0
625	95	0
626	113	0
627	183	0
628	67	0
629	161	0
630	144	0
631	73	0
632	191	0
633	95	0
634	112	0
635	183	0
636	66	0
637	161	0
638	144	0
639	73	0
640	191	0
641	95	0
642	113	0
643	183	0
644	67	0
645	161	0
646	144	0
647	74	0
648	191	0
649	96	0
650	113	0
651	183	0
652	66	0
653	161	0
654	144	0
655	73	0
656	191	0
657	96	0
658	113	0
659	183	0
660	67	0
661	161	0
662	144	0
663	73	0
664	191	0
665	95	0
666	113	0
667	183	0
668	66	0
669	161	0
670	144	0
671	73	0
672	191	0
673	96	0
674	113	0
675	183	0
676	67	0
677	161	0
678	144	0
679	73	0
680	191	0
681	96	0
682	113	0
683	183	0
684	67	0
685	161	0
686	144	0
687	73	0
688	191	0
689	96	0
690	113	0
691	183	0
692	67	0
693	161	0
694	144	0
695	73	0
696	191	0
697	96	0
698	113	0
699	183	0
700	66	0
701	161	0
702	144	0
703	73	0
704	191	0
705	95	0
706	113	0
707	183	0
708	66	0
709	161	0
710	144	0
711	73	0
712	191	0
713	95	0
714	113	0
715	183	0
716	66	0
717	161	0
718	144	0
719	73	0
720	191	0
721	96	0
722	113	0
723	183	0
724	67	0
725	161	0
726	144	0
727	73	0
728	191	0
729	96	0
730	113	0
731	183	0
732	67	0
733	161	0
734	144	0
735	73	0
736	191	0
737	96	0
738	113	0
739	183	0
740	66	0
741	161	0
742	144	0
743	73	0
744	191	0
745	96	0
746	112	0
747	183	0
748	66	0
749	161	0
750	144	0
751	73	0
752	191	0
753	96	0
754	113	0
755	183	0
756	66	0
757	161	0
758	144	0
759	73	0
760	191	0
761	96	0
762	113	0
763	183	0
764	66	0
765	161	0
766	144	0
767	73	0
768	191	0
769	96	0
770	112	0
771	183	0
772	67	0
773	161	0
774	144	0
775	73	0
776	191	0
777	96	0
778	112	0
779	183	0
780	66	0
781	161	0
782	144	0
783	73	0
784	191	0
785	95	0
786	113	0
787	183	0
788	67	0
789	161	0
790	144	0
791	73	0
792	191	0
793	96	0
794	113	0
795	183	0
796	66	0
797	161	0
798	144	0
799	73	0
800	191	0
801	95	0
802	112	0
803	183	0
804	66	0
805	161	0
806	144	0
807	73	0
808	191	0
809	96	0
810	112	0
811	183	0
812	66	0
813	161	0
814	144	0
815	73	0
816	191	0
817	96	0
818	113	0
819	183	0
820	66	0
821	161	0
822	144	0
823	73	0
824	191	0
825	96	0
826	113	0
827	183	0
828	66	0
829	161	0
830	144	0
831	73	0
832	191	0
833	96	0
834	113	0
835	183	0
836	66	0
837	161	0
838	144	0
839	73	0
840	191	0
841	96	0
842	113	0
843	183	0
844	66	0
845	161	0
846	144	0
847	73	0
848	191	0
849	96	0
850	113	0
851	183	0
852	66	0
853	161	0
854	144	0
855	73	0
856	191	0
857	96	0
858	113	0
859	183	0
860	66	0
861	161	0
862	144	0
863	73	0
864	191	0
865	95	0
866	113	0
867	183	0
868	66	0
869	161	0
870	144	0
871	73	0
872	191	0
873	96	0
874	113	0
875	183	0
876	66	0
877	161	0
878	144	0
879	73	0
880	191	0
881	95	0
882	113	0
883	183	0
884	66	0
885	161	0
886	144	0
887	73	0
888	191	0
889	96	0
890	113	0
891	183	0
892	66	0
893	161	0
894	144	0
895	73	0
896	191	0
897	96	0
898	113	0
899	183	0
900	66	0
901	161	0
902	145	0
903	73	0
904	191	0
905	96	0
906	113	0
907	183	0
908	67	0
909	161	0
910	144	0
911	73	0
912	191	0
913	96	0
914	113	0
915	183	0
916	67	0
917	161	0
918	144	0
919	73	0
920	191	0
921	95	0
922	113	0
923	183	0
924	67	0
925	161	0
926	144	0
927	73	0
928	191	0
929	95	0
930	113	0
931	183	0
932	67	0
933	161	0
934	144	0
935	73	0
936	191	0
937	96	0
938	113	0
939	183	0
940	66	0
941	161	0
942	144	0
943	73	0
944	191	0
945	96	0
946	113	0
947	183	0
948	66	0
949	162	0
950	144	0
951	73	0
952	191	0
953	95	0
954	113	0
955	183	0
956	67	0
957	161	0
958	144	0
959	73	0
960	191	0
961	96	0
962	113	0
963	183	0
964	67	0
965	161	0
966	144	0
967	73	0
968	191	0
969	95	0
970	113	0
971	183	0
972	67	0
973	161	0
974	144	0
975	73	0
976	191	0
977	95	0
978	113	0
979	183	0
980	66	0
981	161	0
982	144	0
983	73	0
984	191	0
985	96	0
986	113	0
987	183	0
988	66	0
989	161	0
990	144	0
991	73	0
992	191	0
993	96	0
994	112	0
995	183	0
996	66	0
997	161	0
998	144	0
999	73	0
